150 5100
1 2 1356
1 3 7426
1 4 2477
1 7 2080
1 9 7217
1 13 7071
1 15 8573
1 19 4934
1 20 8184
1 22 3584
1 23 3499
1 27 8611
1 28 3290
1 32 1340
1 34 6284
1 35 4605
1 38 7511
1 40 8996
1 41 -411
1 42 5005
1 45 8048
1 50 7869
1 54 8150
1 55 537
1 63 4256
1 64 5061
1 67 36
1 68 4709
1 71 6464
1 72 993
1 73 7814
1 78 9166
1 80 8680
1 82 5494
1 87 5151
1 88 -257
1 90 2520
1 93 6208
1 94 -23
1 95 5131
1 99 8374
1 105 4251
1 108 5641
1 111 83
1 112 6478
1 114 1253
1 115 7618
1 117 7056
1 119 1646
1 120 9108
1 121 5360
1 124 6090
1 129 -2
1 130 3571
1 137 1081
1 138 6193
1 142 944
1 146 8397
1 147 6752
1 148 472
1 149 1560
2 6 5012
2 8 900
2 14 2926
2 15 1812
2 16 7394
2 18 3009
2 21 5371
2 22 5455
2 28 6248
2 30 2551
2 33 3734
2 35 39
2 39 3603
2 42 8831
2 43 3917
2 44 -126
2 45 2280
2 46 3130
2 47 8153
2 51 3346
2 53 8990
2 59 7791
2 60 4090
2 63 7346
2 64 7275
2 72 3440
2 75 4115
2 77 2684
2 78 59
2 81 8042
2 85 1982
2 86 4126
2 87 7728
2 88 4186
2 90 7373
2 91 4642
2 92 1143
2 95 9353
2 102 4963
2 103 3818
2 104 2213
2 106 503
2 109 3371
2 111 5465
2 112 8713
2 113 8787
2 114 5401
2 116 7224
2 117 4116
2 119 7145
2 120 3416
2 121 8572
2 124 2941
2 130 8410
2 132 3353
2 133 5286
2 136 4149
2 137 6806
2 139 8940
2 141 7902
2 142 1524
2 143 403
2 144 6167
2 145 7131
2 147 1992
2 148 3582
2 149 5795
2 150 5072
3 10 9076
3 11 5517
3 12 293
3 13 8672
3 15 9390
3 17 5510
3 19 7944
3 20 2933
3 22 657
3 28 7362
3 29 8237
3 30 3886
3 31 7147
3 32 2457
3 33 8450
3 34 2029
3 35 1567
3 36 4073
3 39 6392
3 41 1044
3 42 7409
3 43 6201
3 45 4051
3 46 8649
3 47 6728
3 50 5771
3 52 5885
3 55 8350
3 57 6766
3 58 7171
3 61 2578
3 66 4748
3 67 4576
3 68 6533
3 71 5531
3 75 8793
3 77 9480
3 78 5497
3 79 6
3 82 1466
3 85 -12
3 86 6200
3 87 4665
3 90 6839
3 91 3332
3 94 -35
3 95 5710
3 96 5070
3 97 8305
3 99 2207
3 100 3950
3 101 2665
3 103 3879
3 106 8376
3 107 -457
3 108 573
3 109 2255
3 112 778
3 114 6770
3 121 2458
3 122 3222
3 125 2811
3 126 2704
3 128 1328
3 129 7336
3 130 7624
3 131 5277
3 132 1365
3 133 1654
3 134 6605
3 135 5741
3 136 2412
3 137 2835
3 138 1646
3 147 2337
3 148 5285
4 7 1991
4 8 7899
4 9 7259
4 10 5903
4 15 7710
4 23 6291
4 27 8597
4 28 1692
4 29 376
4 30 1663
4 31 9196
4 34 1333
4 35 1063
4 39 3033
4 40 7126
4 41 8116
4 43 244
4 45 9124
4 46 8092
4 48 5886
4 51 2639
4 52 2096
4 58 4108
4 60 5785
4 64 1942
4 67 7335
4 69 5921
4 71 8062
4 73 -211
4 74 1819
4 75 3092
4 77 399
4 81 3847
4 83 8248
4 86 8233
4 87 5189
4 90 5444
4 91 3118
4 92 6372
4 95 5743
4 101 8582
4 109 7150
4 111 6570
4 112 303
4 113 7931
4 115 5230
4 117 251
4 118 1922
4 119 1070
4 120 2091
4 125 6190
4 128 8591
4 129 1742
4 130 6508
4 131 5557
4 132 6244
4 137 5145
4 138 7322
4 139 3523
4 140 3424
4 141 9125
4 142 8445
4 144 5217
4 145 3673
4 147 522
4 148 1884
4 149 950
4 150 3995
5 8 4633
5 10 1326
5 12 2227
5 15 2675
5 18 46
5 20 5423
5 21 8143
5 23 6773
5 24 6871
5 27 -494
5 28 4147
5 30 8022
5 31 4314
5 33 3034
5 34 6594
5 37 917
5 39 2126
5 41 1368
5 44 2336
5 45 9364
5 47 -478
5 51 1507
5 52 8418
5 53 5325
5 56 1502
5 58 887
5 61 -135
5 62 9174
5 68 5941
5 70 6945
5 71 7069
5 73 2920
5 75 7543
5 79 6767
5 84 2047
5 85 1499
5 88 -458
5 89 4225
5 90 -97
5 92 -101
5 93 5975
5 97 111
5 98 5785
5 99 5485
5 100 5983
5 102 7169
5 106 8465
5 107 5632
5 108 5103
5 112 2782
5 113 3681
5 117 9189
5 119 8524
5 120 3559
5 122 6249
5 123 5065
5 124 -187
5 126 4372
5 127 393
5 131 4190
5 132 800
5 133 4934
5 137 744
5 139 6405
5 142 6885
5 144 6867
5 146 4151
5 148 4240
5 149 325
5 150 4969
6 9 2311
6 13 7087
6 16 5236
6 20 5663
6 23 7265
6 26 685
6 27 6851
6 29 2172
6 30 9407
6 31 5976
6 32 8003
6 34 83
6 35 7947
6 38 8153
6 42 13
6 43 6162
6 45 187
6 47 9025
6 49 290
6 54 6809
6 55 1354
6 58 82
6 60 763
6 61 7788
6 62 8846
6 66 1520
6 71 5325
6 72 6810
6 75 6217
6 76 5645
6 77 3172
6 79 3842
6 80 2425
6 81 8505
6 83 1025
6 84 8734
6 85 640
6 86 7575
6 88 4195
6 91 8493
6 93 7079
6 98 8199
6 101 3515
6 102 1839
6 104 1815
6 106 1566
6 109 6950
6 111 5568
6 112 1603
6 114 654
6 116 4139
6 117 768
6 118 9153
6 120 4579
6 129 2604
6 130 1409
6 133 1283
6 139 5934
6 141 5954
6 143 2939
6 144 9300
6 145 5947
7 11 505
7 12 1555
7 13 8138
7 15 8082
7 19 1172
7 22 1743
7 24 6887
7 25 382
7 26 1293
7 27 6866
7 28 -109
7 32 1493
7 34 -380
7 36 2794
7 39 2620
7 41 1630
7 42 2587
7 44 4475
7 45 6518
7 46 343
7 51 5568
7 52 1656
7 53 5103
7 55 7671
7 56 9402
7 58 -358
7 60 1239
7 61 658
7 64 688
7 67 8102
7 68 3804
7 70 6623
7 71 5944
7 73 7497
7 74 3449
7 76 7844
7 78 1921
7 80 4665
7 81 3063
7 85 4739
7 86 6196
7 87 1962
7 88 8650
7 90 2355
7 92 2662
7 94 2115
7 95 2802
7 96 1307
7 97 3295
7 101 6590
7 102 9443
7 106 3300
7 115 3592
7 116 8645
7 124 506
7 129 4157
7 131 5485
7 134 3445
7 135 7172
7 136 6998
7 139 1741
7 140 840
7 141 6677
7 142 8399
7 145 8313
7 146 7111
7 147 -363
7 149 3176
8 10 3707
8 11 7714
8 12 939
8 14 8561
8 16 791
8 18 3594
8 20 3376
8 21 4739
8 22 -62
8 23 2408
8 24 -260
8 27 8451
8 28 4102
8 29 8284
8 30 4595
8 31 1102
8 34 6606
8 36 523
8 37 5203
8 38 707
8 39 6478
8 41 2015
8 42 8684
8 43 4598
8 47 8362
8 48 2713
8 51 5600
8 53 2195
8 55 9142
8 56 6644
8 57 8730
8 58 6742
8 60 8448
8 65 6669
8 66 5159
8 67 9427
8 71 4574
8 72 4527
8 76 2992
8 78 1923
8 80 1120
8 81 935
8 84 3278
8 85 515
8 86 3010
8 87 3552
8 89 7280
8 90 4538
8 91 5894
8 93 5123
8 96 913
8 100 6564
8 102 6504
8 103 8354
8 106 2026
8 107 5163
8 108 3942
8 112 4793
8 113 590
8 114 326
8 116 1709
8 120 4198
8 121 4516
8 123 2936
8 125 5799
8 129 9475
8 133 7031
8 134 9339
8 135 1096
8 136 3761
8 137 1714
8 140 1588
8 145 4819
8 147 8296
8 148 3476
8 149 2947
8 150 -142
9 11 6233
9 13 8456
9 16 2166
9 17 6082
9 19 8065
9 22 839
9 23 4025
9 26 13
9 27 6007
9 28 4723
9 33 4586
9 34 1884
9 35 7050
9 36 168
9 37 5494
9 39 5224
9 44 4315
9 45 6371
9 48 3038
9 49 118
9 50 3280
9 55 1118
9 57 378
9 59 6908
9 60 2661
9 61 4247
9 62 2796
9 65 8437
9 69 5210
9 71 8030
9 72 4496
9 73 3117
9 74 8514
9 75 7790
9 78 2850
9 79 4298
9 80 1659
9 83 6826
9 85 867
9 88 5945
9 89 9078
9 91 -66
9 94 9036
9 95 2022
9 98 904
9 99 8839
9 102 -455
9 103 5736
9 106 1616
9 108 5548
9 113 7177
9 118 20
9 122 6697
9 123 6068
9 125 6502
9 127 5956
9 128 1213
9 129 108
9 131 5863
9 132 6574
9 133 3565
9 138 9105
9 139 1476
9 144 3115
9 145 8846
9 146 398
9 149 4138
9 150 8953
10 11 7256
10 13 6507
10 14 2302
10 19 2734
10 20 3401
10 22 2948
10 24 -182
10 26 1470
10 28 152
10 30 602
10 31 2063
10 33 4037
10 34 1258
10 36 3046
10 40 2222
10 44 8045
10 47 6504
10 48 7739
10 51 4607
10 52 581
10 53 6634
10 55 2838
10 62 4042
10 68 -212
10 69 4760
10 71 793
10 74 6409
10 76 5989
10 77 4511
10 78 4959
10 81 6456
10 82 217
10 83 4408
10 84 1859
10 86 3885
10 88 401
10 94 3352
10 98 444
10 99 3345
10 100 5085
10 101 44
10 103 9318
10 107 5418
10 108 6295
10 111 2791
10 116 2073
10 123 7627
10 126 9261
10 129 535
10 131 6221
10 132 -155
10 133 3400
10 134 3610
10 138 4484
10 140 1526
10 142 2
10 143 2108
10 148 9128
10 150 8549
11 12 969
11 15 3000
11 19 2452
11 20 -342
11 21 1870
11 23 5118
11 25 7062
11 29 6467
11 30 -158
11 31 962
11 34 235
11 40 5546
11 43 8201
11 44 3834
11 46 5058
11 53 7695
11 55 79
11 56 -50
11 57 74
11 59 9431
11 68 2733
11 69 2080
11 70 5377
11 72 8442
11 73 6612
11 77 143
11 83 5917
11 84 -205
11 87 6685
11 88 8531
11 89 2340
11 90 3768
11 94 -29
11 95 2082
11 97 9208
11 98 1556
11 103 775
11 104 5672
11 105 2285
11 106 5608
11 112 8503
11 115 4073
11 116 5210
11 118 6964
11 119 3267
11 123 4818
11 124 6548
11 129 8801
11 130 1492
11 131 612
11 133 1005
11 134 8313
11 135 3705
11 139 4744
11 142 7553
11 144 7240
11 146 4810
12 13 9406
12 14 4266
12 15 6021
12 17 8406
12 19 5713
12 21 7403
12 22 4796
12 24 3145
12 27 8378
12 29 994
12 30 4725
12 32 624
12 33 8315
12 35 3519
12 38 -183
12 39 5532
12 40 5099
12 41 1137
12 42 5645
12 44 3131
12 47 2145
12 48 5647
12 50 7873
12 53 8230
12 54 8380
12 55 3735
12 56 4951
12 57 5649
12 58 1056
12 59 941
12 60 957
12 61 401
12 62 1293
12 64 3173
12 65 4269
12 68 236
12 71 1456
12 72 6185
12 74 509
12 77 -149
12 78 2505
12 80 853
12 83 4075
12 84 4849
12 85 2182
12 87 1521
12 88 7732
12 89 3908
12 91 3559
12 96 1008
12 99 2239
12 101 1710
12 102 2313
12 104 806
12 107 988
12 111 5865
12 117 4350
12 118 4071
12 119 2561
12 120 4895
12 121 2790
12 125 1772
12 127 9069
12 128 -419
12 129 2776
12 130 3913
12 136 5845
12 137 9359
12 138 8192
12 139 8776
12 142 5610
12 143 8659
12 145 8073
12 147 -421
12 148 4028
12 150 8290
13 14 69
13 15 4176
13 19 4411
13 21 1786
13 25 8180
13 26 4835
13 28 7537
13 30 9257
13 31 848
13 33 7280
13 39 6131
13 40 1164
13 42 5287
13 43 8022
13 44 8094
13 46 3940
13 47 6119
13 48 3090
13 49 3604
13 50 1912
13 52 7662
13 53 2213
13 55 4261
13 57 9436
13 59 198
13 60 5890
13 67 8327
13 68 7585
13 69 7454
13 70 -8
13 71 5446
13 72 6157
13 74 3673
13 76 9403
13 79 430
13 81 6157
13 84 3526
13 85 4850
13 86 7360
13 93 2333
13 102 4919
13 107 4744
13 109 1006
13 115 8862
13 116 6832
13 117 2903
13 123 5902
13 124 7679
13 126 5013
13 129 5359
13 130 7321
13 131 4755
13 133 6953
13 135 2764
13 136 380
13 137 3833
13 138 3927
13 140 6406
13 141 3533
13 142 8618
13 143 6780
13 144 -82
13 145 4790
13 148 176
13 150 2627
14 20 3151
14 21 2087
14 23 249
14 24 5416
14 28 5767
14 32 6021
14 34 7142
14 36 1589
14 37 3625
14 40 2481
14 41 1029
14 42 72
14 43 -476
14 45 4347
14 50 2543
14 52 4804
14 53 3313
14 54 6313
14 55 3564
14 57 8178
14 59 4193
14 63 5864
14 65 7442
14 67 5463
14 73 5693
14 80 4351
14 83 8410
14 84 2007
14 87 9066
14 89 4286
14 91 1402
14 94 7683
14 95 -218
14 96 7693
14 100 2597
14 101 7467
14 102 376
14 106 4662
14 108 4809
14 111 7492
14 114 7654
14 115 9146
14 116 860
14 118 7606
14 122 3665
14 123 7678
14 127 8653
14 129 287
14 130 -195
14 133 8859
14 136 8792
14 138 5704
14 139 3386
14 148 5678
14 149 6482
14 150 5230
15 18 5132
15 19 4725
15 20 1004
15 21 1189
15 22 6405
15 23 2851
15 24 4731
15 26 2834
15 27 6737
15 30 1132
15 34 -479
15 35 2178
15 36 1805
15 38 239
15 39 8372
15 41 6283
15 46 2286
15 47 2190
15 48 716
15 49 223
15 51 4595
15 52 3732
15 54 2669
15 57 4068
15 59 7527
15 60 4701
15 62 568
15 63 8717
15 64 1198
15 65 5898
15 66 3362
15 70 2116
15 72 119
15 73 783
15 74 5867
15 76 9205
15 77 9022
15 78 3712
15 81 2763
15 82 8491
15 86 3878
15 90 6447
15 91 4216
15 95 7288
15 98 3368
15 100 4810
15 101 2811
15 103 2898
15 105 754
15 108 6186
15 110 2281
15 112 -123
15 115 4662
15 123 2524
15 125 501
15 129 -258
15 135 8612
15 136 -494
15 137 3077
15 138 9305
15 139 -423
15 142 8613
15 144 1103
15 145 6990
15 146 5907
15 148 2919
16 17 4223
16 20 7683
16 22 1886
16 24 5152
16 25 3198
16 26 -390
16 27 5255
16 28 8856
16 32 4451
16 34 1887
16 37 7427
16 40 6632
16 43 9095
16 44 -76
16 46 173
16 49 2663
16 50 537
16 52 7411
16 54 3712
16 55 1019
16 56 5244
16 57 4405
16 60 1385
16 67 6934
16 69 1391
16 70 4858
16 72 7961
16 74 6753
16 76 -45
16 81 5373
16 82 2055
16 84 1882
16 85 2393
16 87 6155
16 92 7164
16 93 5867
16 94 4974
16 95 400
16 96 6143
16 98 7090
16 99 4440
16 100 8761
16 101 1468
16 102 3806
16 106 8667
16 110 -43
16 112 4165
16 113 3682
16 115 1873
16 120 2249
16 121 4685
16 122 322
16 123 2309
16 127 2797
16 129 5177
16 130 6680
16 134 -401
16 135 6475
16 136 2953
16 138 8728
16 140 7363
16 143 8777
16 147 4193
16 148 8660
16 150 367
17 18 1669
17 20 4899
17 22 3670
17 25 6033
17 27 5719
17 31 7082
17 36 3243
17 39 4741
17 40 2506
17 42 1680
17 45 5516
17 46 8359
17 48 5964
17 51 6592
17 53 6762
17 56 2416
17 58 994
17 59 1864
17 60 6938
17 64 8164
17 67 8915
17 68 3438
17 69 7541
17 70 9393
17 72 4056
17 75 1682
17 76 8510
17 77 1104
17 78 199
17 80 813
17 81 9146
17 84 7580
17 86 4885
17 89 4585
17 90 8029
17 92 4683
17 94 6828
17 95 2075
17 97 1533
17 99 2190
17 101 665
17 102 3593
17 104 1128
17 107 8434
17 110 475
17 115 3223
17 117 753
17 118 7964
17 121 3276
17 125 6109
17 126 5213
17 127 5300
17 128 8190
17 129 1336
17 130 8198
17 132 8536
17 133 1892
17 135 8814
17 138 6081
17 142 7431
17 144 1608
17 146 5487
17 147 -290
17 148 7102
17 150 6523
18 20 5847
18 21 3372
18 22 3417
18 27 6709
18 29 936
18 32 1719
18 34 -386
18 36 4583
18 42 682
18 45 2973
18 48 7799
18 50 6378
18 52 659
18 56 5843
18 58 8790
18 60 4335
18 63 5800
18 65 8350
18 67 3090
18 69 2531
18 72 6251
18 74 8032
18 76 2256
18 77 8556
18 81 4596
18 82 2760
18 84 5794
18 92 4543
18 94 57
18 97 2086
18 98 3740
18 104 5579
18 105 1656
18 106 4090
18 107 5476
18 110 6014
18 111 4289
18 113 4598
18 114 853
18 115 3605
18 117 2188
18 119 7137
18 121 -106
18 123 6950
18 125 -432
18 131 8655
18 133 829
18 136 3437
18 137 2870
18 140 866
18 143 3211
18 144 4469
18 146 2256
18 147 2933
18 149 5909
19 20 5562
19 21 5348
19 23 -234
19 26 3832
19 27 4485
19 28 7085
19 30 7281
19 31 8555
19 32 5308
19 33 94
19 35 -75
19 37 9336
19 38 4849
19 39 1908
19 41 1928
19 42 4897
19 43 8210
19 44 3332
19 45 1605
19 46 -325
19 47 3591
19 48 7947
19 51 1242
19 54 8390
19 59 4549
19 60 -233
19 61 4426
19 63 6372
19 67 5361
19 68 7280
19 69 2336
19 70 5268
19 74 2257
19 77 9355
19 78 3587
19 79 -480
19 80 8768
19 84 3506
19 85 6844
19 87 5421
19 88 3908
19 89 8940
19 92 8316
19 95 2541
19 97 -3
19 99 7460
19 100 9321
19 101 399
19 103 6394
19 112 8880
19 113 5396
19 114 -386
19 115 6787
19 116 2931
19 117 6522
19 118 2365
19 120 -273
19 121 4542
19 122 5472
19 123 6387
19 131 3408
19 137 9329
19 139 3612
19 142 -122
19 143 2860
19 144 1286
19 146 8944
19 147 9271
20 21 6627
20 26 2679
20 27 2332
20 30 6812
20 33 862
20 34 3447
20 35 3989
20 36 3831
20 37 3877
20 40 8199
20 44 7265
20 45 1278
20 52 5826
20 54 6529
20 60 7471
20 65 705
20 67 -294
20 68 2226
20 69 2888
20 70 4036
20 72 2131
20 73 3106
20 74 2342
20 77 6891
20 79 9219
20 81 3619
20 82 2803
20 83 5161
20 84 9013
20 85 7531
20 86 3365
20 88 -141
20 90 5983
20 93 2267
20 95 4710
20 97 6265
20 101 4824
20 102 8940
20 107 3188
20 113 3593
20 114 1490
20 117 1518
20 118 1955
20 119 1001
20 120 2081
20 121 6754
20 123 815
20 126 6929
20 128 7833
20 132 6198
20 135 1541
20 136 4055
20 138 3137
20 139 3411
20 145 4326
20 146 1082
20 147 6782
20 150 4000
21 23 1166
21 24 1811
21 25 3179
21 27 2422
21 30 9005
21 32 2542
21 34 957
21 35 3524
21 36 8382
21 37 13
21 38 4963
21 41 3756
21 48 2231
21 49 6427
21 51 1857
21 52 7393
21 53 4409
21 55 8382
21 56 3976
21 57 5542
21 59 2967
21 60 7846
21 61 1983
21 65 9227
21 66 1248
21 67 5701
21 71 5614
21 78 1700
21 81 428
21 82 7620
21 83 7885
21 86 4702
21 89 3490
21 90 3785
21 91 1955
21 97 1755
21 98 1113
21 99 3838
21 101 9276
21 104 8675
21 106 50
21 107 7811
21 109 3849
21 112 5429
21 113 2061
21 114 8180
21 115 3983
21 117 3952
21 118 6582
21 121 5821
21 122 5409
21 124 1235
21 125 6147
21 126 4830
21 130 4145
21 134 -356
21 137 5895
21 138 2687
21 139 949
21 140 -393
21 147 -56
21 148 6420
21 149 8145
21 150 3213
22 24 353
22 25 7351
22 28 6526
22 29 5832
22 30 6018
22 31 3777
22 34 3234
22 36 4901
22 37 9290
22 39 7002
22 40 2204
22 41 -124
22 42 7145
22 43 5943
22 47 5994
22 51 135
22 52 2170
22 53 8291
22 55 8245
22 62 -356
22 63 7626
22 64 7951
22 69 -264
22 70 4941
22 77 2120
22 78 5805
22 79 4820
22 81 5800
22 82 4412
22 87 2976
22 91 1464
22 93 8213
22 96 4549
22 99 6573
22 101 571
22 102 9377
22 103 8599
22 106 590
22 107 4784
22 108 1179
22 111 5131
22 112 9145
22 115 2935
22 117 4563
22 119 7816
22 120 5600
22 122 102
22 127 3292
22 128 6032
22 129 1730
22 131 2272
22 132 2329
22 133 8184
22 134 6356
22 135 5275
22 136 199
22 138 6067
22 139 3415
22 142 -260
22 143 6715
22 146 92
22 149 769
23 25 8725
23 26 8277
23 27 4349
23 28 2836
23 29 8766
23 30 6852
23 31 4218
23 32 9390
23 36 831
23 40 9379
23 41 5122
23 43 4033
23 44 8346
23 45 5334
23 48 6992
23 49 700
23 50 5492
23 53 4391
23 54 5983
23 59 2220
23 61 6791
23 63 1132
23 64 6708
23 65 1763
23 67 2844
23 69 4807
23 70 5612
23 74 1559
23 79 6454
23 80 7301
23 82 8252
23 83 2926
23 86 3983
23 88 2120
23 94 5065
23 95 875
23 96 356
23 97 50
23 101 2893
23 102 7598
23 103 6843
23 104 2360
23 106 -295
23 109 7364
23 110 7463
23 111 2656
23 113 5777
23 114 6805
23 117 6028
23 120 3651
23 121 7018
23 122 5030
23 123 6852
23 126 6391
23 130 6277
23 131 6846
23 134 5004
23 136 4015
23 139 204
23 140 5314
23 143 8843
24 25 3623
24 33 6156
24 38 8543
24 45 1482
24 49 7846
24 50 7211
24 52 2760
24 58 1779
24 59 8214
24 62 5178
24 64 2865
24 68 3933
24 70 9029
24 71 1972
24 72 97
24 73 1392
24 74 4537
24 76 7393
24 77 5477
24 79 5319
24 80 1709
24 82 7060
24 85 6603
24 86 6474
24 87 6055
24 88 703
24 89 3621
24 90 649
24 91 9044
24 93 7947
24 96 868
24 97 828
24 99 -441
24 101 1070
24 104 5213
24 105 3324
24 106 185
24 107 3960
24 109 -43
24 110 9128
24 111 8376
24 116 5349
24 120 8604
24 121 3250
24 123 288
24 126 8856
24 127 327
24 132 6733
24 133 3099
24 134 6371
24 138 2169
24 139 1973
24 141 1439
24 142 4597
24 145 8366
24 146 121
24 148 1861
25 29 1300
25 33 4446
25 34 7790
25 36 420
25 40 1193
25 42 4955
25 50 6324
25 51 8534
25 54 5097
25 59 8053
25 60 7294
25 64 87
25 65 6602
25 67 -156
25 69 1190
25 72 9214
25 75 4582
25 77 1417
25 79 3137
25 81 6288
25 83 3986
25 84 2153
25 85 9246
25 87 462
25 91 3765
25 92 144
25 94 4748
25 95 4110
25 97 4714
25 98 4069
25 99 3583
25 100 3400
25 101 3608
25 102 1323
25 105 1316
25 106 4720
25 109 5871
25 116 8023
25 118 7886
25 120 -314
25 121 4853
25 125 4656
25 126 8296
25 128 8527
25 130 494
25 132 5149
25 142 -178
25 144 3846
25 145 9153
25 147 5272
25 148 -92
25 150 9262
26 27 1201
26 30 7075
26 34 -432
26 35 9310
26 36 7646
26 38 7644
26 39 4416
26 40 7221
26 41 4707
26 42 -221
26 46 7593
26 47 7571
26 49 2599
26 64 8239
26 68 842
26 69 6257
26 70 -312
26 71 7768
26 75 2354
26 76 2381
26 79 2998
26 81 2373
26 84 204
26 89 3233
26 90 8010
26 91 8541
26 93 2012
26 94 5205
26 95 8937
26 99 8164
26 104 5052
26 110 5875
26 111 3376
26 112 4827
26 113 -489
26 115 2272
26 116 -281
26 117 8987
26 119 8501
26 121 3530
26 122 776
26 126 1408
26 128 8274
26 129 4592
26 131 2065
26 133 425
26 135 5069
26 136 4908
26 139 3617
26 140 2916
26 143 3954
26 144 3748
26 145 4879
26 146 2265
26 147 7542
26 150 2959
27 29 1676
27 31 3303
27 32 6092
27 33 9325
27 35 8871
27 36 9060
27 37 7709
27 38 -497
27 39 7343
27 42 -145
27 43 6323
27 45 8550
27 47 7218
27 49 732
27 50 496
27 51 2076
27 52 253
27 55 7561
27 57 8168
27 59 8489
27 61 2460
27 66 4693
27 73 3063
27 74 7390
27 77 6473
27 79 789
27 80 5664
27 82 7402
27 83 6537
27 85 1855
27 89 4822
27 90 1882
27 95 1248
27 96 9490
27 102 -322
27 105 9104
27 106 3032
27 107 9212
27 111 248
27 112 5817
27 118 3902
27 123 264
27 124 5038
27 127 4947
27 129 5529
27 130 4753
27 131 8057
27 134 4273
27 135 2010
27 140 7353
27 141 6614
27 143 3610
27 144 1141
27 149 8173
27 150 6628
28 32 3234
28 33 7734
28 34 3301
28 36 4586
28 37 1550
28 41 6090
28 42 3218
28 44 6224
28 49 9324
28 50 5884
28 58 2550
28 59 9163
28 64 2136
28 66 8334
28 68 7446
28 71 1678
28 78 -373
28 80 8155
28 81 8665
28 82 2511
28 85 7200
28 86 6618
28 87 5912
28 92 -453
28 93 5573
28 98 1102
28 99 2535
28 101 7329
28 102 6927
28 103 6590
28 104 2250
28 105 695
28 106 5680
28 107 6807
28 109 1248
28 110 8785
28 111 6428
28 113 5577
28 116 3509
28 117 643
28 119 8379
28 120 6223
28 123 3673
28 124 299
28 125 3467
28 126 996
28 131 7609
28 137 823
28 140 483
28 141 3473
28 143 8552
28 146 7572
28 150 928
29 30 1753
29 31 1941
29 34 209
29 36 3015
29 37 3291
29 40 7067
29 43 2842
29 47 7123
29 48 2581
29 55 -26
29 56 1243
29 57 1507
29 59 4894
29 62 8263
29 63 3113
29 68 8142
29 69 4311
29 70 8812
29 72 7759
29 74 1120
29 76 5011
29 77 3176
29 80 4216
29 81 6583
29 88 9178
29 90 4295
29 91 8566
29 93 7889
29 96 8794
29 99 8612
29 101 4023
29 102 5348
29 108 7765
29 113 3989
29 114 1334
29 117 8874
29 119 2546
29 120 7077
29 121 5504
29 122 6752
29 123 4279
29 124 3343
29 125 7448
29 127 9043
29 136 2005
29 138 2089
29 139 5279
29 141 2178
29 142 8788
29 144 3694
29 146 2285
29 147 9273
29 150 2693
30 32 7729
30 35 472
30 36 8637
30 38 5994
30 39 878
30 40 2729
30 41 9170
30 42 7467
30 43 7767
30 46 735
30 47 9319
30 48 4202
30 49 7502
30 50 -355
30 53 4668
30 54 3542
30 59 7997
30 61 3158
30 63 1942
30 66 7202
30 67 7435
30 68 1807
30 69 8529
30 70 669
30 72 669
30 75 -141
30 77 7323
30 80 9049
30 81 6864
30 82 3071
30 84 2881
30 88 4734
30 90 3672
30 98 3799
30 99 3132
30 102 4554
30 104 5835
30 109 2124
30 112 -230
30 119 7608
30 120 1882
30 129 3304
30 133 25
30 135 1086
30 136 7828
30 139 5848
30 140 18
30 142 8027
30 143 1615
30 144 6338
30 145 9026
30 146 4930
30 147 -464
30 148 6544
30 149 1400
30 150 -365
31 32 629
31 37 4172
31 38 4001
31 41 2664
31 42 8742
31 43 3751
31 45 1941
31 49 3072
31 52 9171
31 54 1363
31 58 7337
31 59 9193
31 61 -379
31 62 2964
31 63 7790
31 66 8589
31 68 1120
31 69 4776
31 70 6660
31 71 2600
31 72 4947
31 74 5941
31 76 296
31 78 2150
31 80 9190
31 82 4079
31 84 4238
31 88 5138
31 90 7187
31 92 3661
31 97 8350
31 99 6850
31 100 7804
31 101 -37
31 102 1343
31 105 1813
31 106 7336
31 109 9275
31 110 7117
31 111 1774
31 112 7463
31 113 3383
31 114 3792
31 116 3040
31 118 2939
31 122 2115
31 123 -442
31 124 6904
31 125 6875
31 126 7564
31 128 408
31 129 445
31 130 1625
31 132 5108
31 134 4845
31 135 6742
31 138 12
31 142 3796
31 143 4078
31 144 5769
31 145 9091
31 146 7329
32 34 204
32 39 6671
32 42 6988
32 44 7213
32 45 -239
32 48 9317
32 52 9242
32 53 3400
32 56 3554
32 58 7425
32 60 9012
32 61 7441
32 62 5765
32 67 727
32 71 1019
32 72 3779
32 73 879
32 74 3564
32 75 7600
32 76 5141
32 77 3968
32 80 3154
32 81 2455
32 83 6113
32 84 8157
32 86 4050
32 88 5094
32 89 5146
32 91 8088
32 92 499
32 93 3250
32 95 4090
32 98 8818
32 99 1389
32 100 7516
32 102 4168
32 103 6506
32 104 863
32 105 3656
32 111 -42
32 112 6560
32 115 2119
32 117 3993
32 119 443
32 125 9347
32 128 4890
32 129 5437
32 130 4430
32 131 5565
32 134 5140
32 138 9479
32 139 663
32 140 915
32 141 4749
32 147 5023
32 148 5905
32 150 -118
33 36 9352
33 40 -426
33 43 2179
33 44 3107
33 47 -237
33 49 4371
33 50 6022
33 52 3607
33 55 2999
33 56 4255
33 57 657
33 58 1774
33 62 9040
33 63 -402
33 65 2879
33 66 6917
33 67 7991
33 69 4224
33 73 5371
33 75 3296
33 76 4424
33 77 7231
33 80 7897
33 81 436
33 89 8185
33 91 8923
33 93 4537
33 96 7031
33 100 729
33 104 -376
33 108 -373
33 110 8078
33 112 487
33 115 160
33 116 5327
33 117 2339
33 119 2902
33 120 9249
33 122 6561
33 124 1125
33 127 873
33 128 4291
33 129 4046
33 131 5996
33 138 4306
33 142 5543
33 143 2705
33 144 7705
33 146 3269
33 150 130
34 39 7688
34 40 6641
34 44 835
34 46 128
34 54 7810
34 60 4151
34 61 7276
34 65 2905
34 68 2408
34 70 4299
34 75 8625
34 76 1364
34 77 6142
34 78 257
34 79 3150
34 82 4770
34 86 5172
34 89 6362
34 92 282
34 93 4219
34 95 3985
34 96 4564
34 98 7224
34 101 6298
34 102 2048
34 103 764
34 104 6092
34 105 7895
34 110 7030
34 112 578
34 113 601
34 118 2005
34 120 6073
34 121 7916
34 123 -401
34 124 7878
34 126 5693
34 127 8833
34 131 3672
34 133 4785
34 134 5516
34 138 7819
34 141 3173
34 143 8198
34 145 6899
34 146 7622
34 150 2471
35 36 6454
35 39 2550
35 41 4969
35 45 2898
35 49 7560
35 51 9442
35 53 2352
35 54 4056
35 55 7723
35 58 8952
35 59 7840
35 60 5168
35 61 1700
35 62 2980
35 67 3262
35 68 4384
35 69 5830
35 70 8234
35 72 6994
35 73 6731
35 75 8201
35 77 6176
35 78 2440
35 79 8801
35 80 7485
35 81 4383
35 82 8849
35 84 2849
35 86 7545
35 87 8072
35 88 8568
35 89 2846
35 91 8461
35 101 1629
35 102 7563
35 103 8964
35 104 6494
35 107 4335
35 108 1137
35 109 3919
35 112 141
35 113 6062
35 118 1503
35 120 1819
35 125 1863
35 128 3207
35 129 7364
35 130 6340
35 132 -24
35 134 9404
35 135 -222
35 140 8158
35 142 6480
35 143 7832
35 147 8147
35 150 2845
36 43 2678
36 45 -10
36 46 6303
36 47 8056
36 50 3901
36 56 8436
36 57 1647
36 58 9461
36 59 499
36 60 1955
36 62 302
36 63 3019
36 65 -229
36 66 9292
36 67 3834
36 68 9410
36 69 9366
36 71 5671
36 72 6816
36 73 4147
36 81 2998
36 87 3481
36 88 322
36 89 3839
36 91 5589
36 92 1344
36 97 2511
36 99 3532
36 100 973
36 101 9422
36 104 7251
36 105 3021
36 107 4169
36 112 5223
36 113 8004
36 114 3938
36 115 1076
36 116 2171
36 119 4263
36 123 272
36 124 1914
36 125 570
36 126 3483
36 129 6371
36 130 5433
36 133 1444
36 134 1685
36 136 8506
36 139 3391
36 145 3745
36 147 3996
36 148 -487
36 149 6255
37 40 9202
37 42 488
37 47 7056
37 52 4255
37 55 8606
37 56 247
37 57 913
37 58 1974
37 59 3457
37 61 1580
37 62 7377
37 63 8654
37 64 2407
37 65 -90
37 67 8081
37 69 2650
37 71 3952
37 73 2675
37 74 4222
37 75 3446
37 76 20
37 77 5946
37 79 1417
37 81 4642
37 82 943
37 85 1629
37 86 8552
37 89 2020
37 90 232
37 91 -294
37 92 2151
37 94 779
37 96 4177
37 99 2437
37 100 4580
37 101 4724
37 105 8620
37 106 4537
37 107 1204
37 110 7564
37 111 7304
37 112 9031
37 116 6931
37 120 6359
37 121 1939
37 125 6812
37 131 2315
37 135 3164
37 139 8431
37 142 9064
37 143 1113
37 144 3929
37 148 1463
37 149 5036
37 150 5427
38 45 6748
38 46 7807
38 47 1718
38 48 6174
38 49 7301
38 50 9271
38 57 5306
38 61 7676
38 62 3701
38 67 1347
38 68 3818
38 69 6636
38 70 3324
38 72 7378
38 74 -81
38 75 3238
38 76 8855
38 77 1297
38 78 1848
38 79 1363
38 81 -228
38 84 8991
38 90 4475
38 92 6893
38 97 7865
38 101 9275
38 104 -413
38 105 7546
38 109 8605
38 111 9187
38 115 2163
38 116 1918
38 117 406
38 119 3564
38 121 4824
38 122 5904
38 123 5976
38 125 6258
38 130 1147
38 131 2590
38 132 2374
38 133 2370
38 137 8393
38 138 6587
38 139 3417
38 141 5709
38 142 4168
38 144 319
38 147 3274
39 40 9417
39 42 6259
39 45 5775
39 47 1151
39 48 5332
39 53 1330
39 56 5194
39 59 3053
39 60 8590
39 62 8203
39 64 2438
39 66 6596
39 68 1602
39 70 15
39 72 4663
39 73 4162
39 74 5849
39 75 1734
39 76 8335
39 79 4428
39 80 6939
39 85 6470
39 89 8754
39 91 1917
39 93 8061
39 95 3925
39 98 7810
39 99 5046
39 103 -441
39 105 3233
39 107 5736
39 110 -187
39 112 4719
39 114 -68
39 118 1765
39 119 9031
39 120 2704
39 121 8198
39 122 617
39 123 1256
39 126 9010
39 127 2742
39 128 6084
39 130 973
39 133 4753
39 134 1764
39 140 979
39 142 405
39 143 2945
39 144 7574
39 145 8564
39 147 959
39 149 1838
40 42 8165
40 43 6018
40 44 -365
40 46 2456
40 47 9228
40 50 5021
40 51 1569
40 54 -203
40 56 7428
40 57 5185
40 60 2473
40 61 3908
40 62 6939
40 63 1313
40 65 4415
40 66 9161
40 67 3237
40 70 5941
40 72 9110
40 73 1320
40 75 6596
40 76 6333
40 80 7761
40 83 1095
40 84 5705
40 91 7105
40 93 7555
40 94 5558
40 99 5696
40 103 7791
40 106 3752
40 107 2755
40 110 2628
40 111 5158
40 116 4011
40 117 -118
40 124 6713
40 128 3852
40 129 9351
40 132 3037
40 138 6519
40 142 550
40 144 1877
40 145 4168
40 146 2499
40 147 888
40 149 3569
41 43 3951
41 45 4948
41 46 4122
41 51 3115
41 52 7998
41 54 6026
41 55 6098
41 58 2712
41 61 1694
41 64 3951
41 67 -195
41 69 6772
41 74 7230
41 75 7805
41 76 5981
41 77 -149
41 78 4760
41 80 4814
41 86 4514
41 90 4858
41 92 8922
41 94 7323
41 95 646
41 96 3482
41 99 -19
41 100 9141
41 101 1424
41 102 2631
41 107 4779
41 108 8717
41 114 491
41 115 8969
41 117 8839
41 120 5056
41 122 5449
41 124 5711
41 126 9455
41 128 3653
41 131 2771
41 133 5105
41 134 4767
41 136 3573
41 142 -169
41 144 11
41 146 9046
41 147 3287
41 148 -67
41 149 2890
41 150 1445
42 44 8346
42 46 570
42 47 6492
42 49 2708
42 50 6958
42 52 1658
42 53 -120
42 54 1147
42 60 3225
42 66 1957
42 67 9112
42 69 2422
42 72 1603
42 75 8885
42 77 1363
42 78 3666
42 80 4639
42 86 8789
42 88 2176
42 91 2151
42 93 3926
42 94 4848
42 97 1143
42 101 7263
42 102 8228
42 105 8813
42 106 4703
42 107 2510
42 108 5955
42 111 6152
42 113 6749
42 116 8727
42 118 -25
42 120 4909
42 125 7325
42 127 1149
42 128 680
42 130 7206
42 131 2929
42 133 7324
42 135 4730
42 137 3178
42 139 7278
42 140 4745
42 142 8833
43 45 2387
43 47 7413
43 48 14
43 54 5978
43 60 6659
43 64 1242
43 68 7010
43 70 3345
43 72 2783
43 73 1070
43 77 7523
43 78 7643
43 80 288
43 82 7105
43 84 3022
43 86 3500
43 89 4704
43 90 4495
43 91 2250
43 95 3313
43 96 6106
43 98 5984
43 101 2743
43 106 9154
43 108 2527
43 109 2812
43 110 4866
43 113 1407
43 116 1937
43 122 3847
43 124 3961
43 126 3632
43 131 4721
43 133 7223
43 135 7805
43 137 -2
43 139 -364
43 141 723
43 143 5614
43 144 5461
43 145 7158
43 146 1258
43 149 5310
43 150 1295
44 45 5067
44 46 3346
44 49 1833
44 50 1140
44 51 456
44 54 -181
44 57 6813
44 60 8697
44 61 7395
44 62 8933
44 63 3193
44 65 685
44 67 9228
44 69 9479
44 70 438
44 75 6028
44 77 7048
44 80 1984
44 81 9296
44 82 9113
44 83 8718
44 85 5546
44 88 8208
44 90 -497
44 91 1845
44 92 1204
44 94 8551
44 95 -282
44 96 258
44 97 819
44 98 4590
44 100 4134
44 104 158
44 108 8365
44 109 9300
44 114 9316
44 115 3366
44 116 4216
44 119 4381
44 121 5984
44 123 6790
44 124 2575
44 125 5485
44 127 6022
44 128 8135
44 129 3704
44 130 4510
44 132 4443
44 133 3459
44 135 5211
44 136 4047
44 137 7319
44 139 1756
44 143 -337
44 144 5450
44 146 2857
44 147 -298
44 148 9461
45 46 7748
45 49 393
45 53 6232
45 54 6825
45 55 4928
45 60 1327
45 61 5373
45 63 5362
45 65 1398
45 70 7737
45 71 8365
45 74 5454
45 76 723
45 77 5275
45 78 -219
45 83 6708
45 84 3133
45 85 4380
45 86 3207
45 89 352
45 93 1648
45 95 9250
45 99 2159
45 100 5068
45 101 4287
45 103 6767
45 105 6721
45 108 5172
45 110 7695
45 111 -312
45 112 5103
45 116 2525
45 117 532
45 118 3673
45 120 8254
45 121 45
45 125 2205
45 126 1595
45 128 3754
45 132 7624
45 133 3717
45 134 4916
45 135 4212
45 136 1420
45 137 736
45 139 1056
45 143 1172
45 149 8305
46 54 307
46 55 2712
46 57 7369
46 58 555
46 60 7651
46 64 2970
46 66 8660
46 67 6765
46 68 6567
46 69 329
46 70 5874
46 71 -191
46 73 6210
46 77 3510
46 78 7072
46 81 8279
46 83 902
46 85 5607
46 87 1064
46 89 8904
46 91 -328
46 93 5721
46 95 6104
46 97 9211
46 102 597
46 103 7680
46 105 1260
46 106 5550
46 108 5190
46 110 9259
46 111 4024
46 113 -430
46 114 5576
46 115 7354
46 119 4046
46 120 6458
46 121 4345
46 122 3149
46 123 4885
46 127 2875
46 128 5318
46 129 6904
46 130 9279
46 131 7250
46 132 8335
46 134 9353
46 136 3167
46 138 6004
46 141 9153
46 142 8270
46 146 1244
46 147 1548
47 48 7609
47 50 8523
47 52 8400
47 57 8451
47 58 5247
47 60 6873
47 62 2538
47 63 2672
47 64 1953
47 68 2590
47 69 9384
47 73 2211
47 74 1637
47 77 7121
47 78 2701
47 82 7973
47 84 1383
47 85 760
47 87 4847
47 91 -306
47 95 2672
47 99 8889
47 101 7917
47 102 2366
47 103 1506
47 104 734
47 106 3237
47 108 6371
47 110 4964
47 113 2302
47 114 2231
47 117 6606
47 121 -446
47 122 674
47 123 1687
47 126 4425
47 127 9063
47 128 2380
47 132 1425
47 134 6037
47 138 8845
47 140 4495
47 141 6760
47 142 -411
47 146 5806
47 148 9078
48 50 1559
48 53 1792
48 54 5426
48 56 7763
48 58 2805
48 59 2129
48 60 3538
48 63 2037
48 66 6061
48 71 1612
48 74 344
48 75 1804
48 76 -445
48 81 5158
48 82 5522
48 83 2815
48 85 8179
48 87 3271
48 93 7623
48 96 8995
48 98 135
48 100 2488
48 102 9476
48 103 1569
48 105 3517
48 106 2130
48 107 842
48 109 8694
48 111 4024
48 114 899
48 116 4405
48 123 -197
48 128 6790
48 129 9079
48 130 -381
48 132 7631
48 133 1426
48 134 -320
48 135 -50
48 138 5494
48 139 6051
48 143 8793
48 148 8535
49 51 8129
49 53 1593
49 55 9239
49 56 3835
49 57 5437
49 58 2448
49 59 6635
49 60 5901
49 64 329
49 65 7559
49 67 3484
49 68 6302
49 70 4517
49 75 4384
49 81 6949
49 82 7777
49 90 7755
49 94 8945
49 95 3640
49 96 8846
49 98 5393
49 99 505
49 102 1018
49 104 6947
49 106 4574
49 108 8254
49 109 314
49 111 3335
49 112 3770
49 114 787
49 115 6785
49 116 1160
49 121 5138
49 123 5208
49 132 7067
49 140 4944
49 141 2968
49 143 2027
49 144 6476
49 146 9265
49 147 3606
49 150 4102
50 51 -149
50 52 1602
50 53 1850
50 58 7171
50 61 1831
50 63 6861
50 65 7860
50 66 7783
50 68 83
50 72 5956
50 73 1621
50 76 1350
50 77 8778
50 81 9095
50 82 6756
50 85 9017
50 88 8110
50 89 2386
50 91 -232
50 95 1418
50 99 2589
50 101 2675
50 111 3215
50 112 -395
50 116 7177
50 118 919
50 119 7563
50 122 110
50 123 610
50 124 1963
50 127 -234
50 129 2937
50 131 4336
50 132 2506
50 134 6595
50 135 997
50 138 3896
50 139 5850
50 140 9230
50 141 5169
50 142 9246
50 143 9217
50 144 2446
50 146 1205
50 148 8969
50 149 1856
51 52 5147
51 54 8190
51 55 6526
51 56 1483
51 58 1575
51 59 -99
51 60 8741
51 61 5524
51 69 1999
51 71 5503
51 74 3068
51 76 8870
51 78 851
51 79 7655
51 80 2189
51 86 3109
51 88 7234
51 93 2970
51 99 8774
51 102 5481
51 103 6348
51 104 3219
51 105 3221
51 107 7323
51 110 6684
51 112 5117
51 125 5843
51 126 1227
51 130 7249
51 131 8372
51 137 2646
51 139 8806
51 140 8246
51 141 5826
51 142 423
51 143 6341
51 144 5532
51 147 9360
52 54 5912
52 62 8048
52 64 3085
52 65 3074
52 66 8321
52 70 8337
52 74 7865
52 75 1967
52 77 5462
52 80 -163
52 82 1491
52 85 2171
52 86 1142
52 87 3696
52 88 2519
52 90 7406
52 98 8853
52 99 9366
52 104 8534
52 105 6036
52 106 6923
52 107 3757
52 110 5778
52 114 8486
52 118 6348
52 119 1145
52 120 1359
52 121 716
52 124 6979
52 125 7785
52 132 3781
52 133 8073
52 134 3602
52 135 6060
52 136 879
52 139 5535
52 140 5246
52 141 3848
52 149 2312
52 150 2908
53 56 3836
53 59 7885
53 61 695
53 67 -403
53 68 632
53 70 5515
53 73 2266
53 74 6588
53 76 877
53 79 -85
53 83 7940
53 86 7341
53 88 2992
53 90 8023
53 93 4732
53 100 7946
53 103 4014
53 107 5817
53 108 6122
53 109 6361
53 110 9285
53 112 7748
53 113 5738
53 116 8100
53 118 5925
53 119 1571
53 121 2446
53 129 749
53 130 8443
53 133 4968
53 134 5130
53 135 5015
53 136 -162
53 138 2821
53 139 2369
53 140 7724
53 142 6573
53 143 4980
53 144 4931
53 146 4612
53 149 6964
53 150 6103
54 56 8866
54 60 2036
54 64 4902
54 67 9372
54 71 9396
54 73 4335
54 77 3844
54 80 2969
54 82 4517
54 85 6434
54 86 6433
54 92 5779
54 94 3171
54 95 9049
54 96 2872
54 103 4233
54 110 5679
54 111 3582
54 115 5713
54 117 2732
54 118 1905
54 121 839
54 122 8892
54 124 6801
54 125 1227
54 128 4060
54 129 4988
54 134 8690
54 136 4324
54 137 6074
54 139 193
54 140 8936
54 142 1765
54 148 3355
54 149 9413
54 150 9115
55 57 3190
55 58 7589
55 59 2220
55 62 7242
55 64 4586
55 65 4486
55 67 6332
55 69 2544
55 71 7646
55 72 2084
55 75 7571
55 76 130
55 81 4683
55 85 7796
55 86 2307
55 88 3931
55 91 7656
55 94 4632
55 95 1861
55 96 1854
55 100 2516
55 101 -369
55 103 6561
55 106 452
55 107 4887
55 109 4125
55 110 8832
55 111 669
55 113 -371
55 114 5286
55 116 4213
55 118 8991
55 119 -490
55 120 7908
55 121 5775
55 124 680
55 127 2773
55 130 7609
55 134 1809
55 136 1676
55 137 8247
55 141 8266
55 142 5742
55 149 259
56 57 7167
56 58 4482
56 59 7501
56 60 2715
56 61 8639
56 62 5623
56 63 5064
56 67 6307
56 68 4937
56 72 718
56 76 4756
56 77 8826
56 78 5386
56 79 5780
56 85 1767
56 86 -83
56 90 5202
56 91 7377
56 92 6239
56 95 9003
56 98 2439
56 99 9100
56 102 80
56 103 5840
56 108 6072
56 111 4346
56 112 8167
56 119 2
56 121 7877
56 122 9419
56 125 828
56 126 6678
56 127 2668
56 128 216
56 130 8265
56 132 6156
56 136 6675
56 142 8004
56 144 4611
56 145 1974
56 146 2245
56 147 8624
56 149 8195
56 150 3926
57 58 8525
57 60 9024
57 61 5451
57 70 7898
57 73 1791
57 75 4222
57 76 6738
57 77 655
57 80 -119
57 81 2046
57 82 2497
57 83 785
57 85 6440
57 92 6175
57 93 2785
57 94 1196
57 97 6968
57 98 2118
57 99 7534
57 101 7870
57 102 8950
57 104 6387
57 106 1049
57 107 4888
57 108 8602
57 111 3232
57 112 6992
57 113 7279
57 114 -24
57 118 5919
57 126 1368
57 129 6323
57 137 1831
57 138 2335
57 139 8695
57 140 -190
57 145 6948
57 148 6135
57 150 1121
58 59 6323
58 63 4149
58 64 134
58 65 9307
58 66 541
58 68 8408
58 70 1455
58 71 5359
58 72 6974
58 75 7911
58 81 4799
58 82 7598
58 83 4066
58 86 5291
58 87 3845
58 89 4074
58 94 9132
58 96 -265
58 97 5529
58 98 1133
58 102 5527
58 105 2180
58 110 4785
58 113 60
58 114 1080
58 118 7838
58 119 1598
58 120 3721
58 122 6675
58 124 7174
58 126 7451
58 127 -466
58 129 2140
58 131 1634
58 133 5769
58 134 371
58 137 9405
58 139 6910
58 146 8508
58 149 3807
59 60 6624
59 62 3273
59 63 6667
59 67 3080
59 71 913
59 72 709
59 75 3010
59 86 5824
59 88 3134
59 89 6396
59 90 7184
59 91 1319
59 93 8925
59 94 8615
59 96 6072
59 97 4799
59 98 2923
59 101 7208
59 104 4189
59 105 8879
59 107 5230
59 111 4379
59 114 1992
59 115 5055
59 116 5365
59 122 3994
59 123 9341
59 124 6442
59 126 900
59 131 3598
59 133 8291
59 136 6318
59 137 8401
59 139 8394
59 141 8682
59 142 6757
59 143 2125
59 144 6245
59 145 3652
59 147 5102
59 149 1854
59 150 3709
60 61 452
60 64 6060
60 68 2000
60 69 -169
60 77 1251
60 78 2944
60 79 9482
60 80 1001
60 82 1644
60 86 6310
60 88 8373
60 91 1087
60 92 2413
60 93 8971
60 94 2024
60 95 141
60 96 2112
60 97 4014
60 99 3973
60 103 3870
60 104 2353
60 105 3655
60 106 6170
60 107 242
60 115 6592
60 118 1734
60 119 4331
60 124 3284
60 126 1979
60 129 7350
60 130 229
60 131 1605
60 136 485
60 137 5561
60 139 6532
60 140 1499
60 141 4574
60 144 8282
60 145 8151
60 146 4598
60 148 8851
60 149 8671
61 62 8310
61 63 4173
61 67 8523
61 72 5419
61 75 9157
61 79 6610
61 81 62
61 82 7561
61 83 -85
61 86 1612
61 89 8947
61 90 990
61 93 7475
61 94 6887
61 99 4158
61 101 4825
61 102 8481
61 104 209
61 105 1607
61 108 1224
61 109 8005
61 110 1449
61 111 7049
61 115 2458
61 116 6687
61 117 2176
61 118 -463
61 120 1411
61 121 242
61 123 8828
61 124 5325
61 125 5491
61 126 5718
61 129 2070
61 134 1379
61 139 2700
61 140 5306
61 141 5320
61 143 8992
61 149 4964
62 65 4655
62 66 2035
62 67 3346
62 68 6088
62 69 6349
62 73 -372
62 74 7604
62 77 5767
62 83 -168
62 90 349
62 93 -116
62 94 2257
62 95 4015
62 98 4795
62 102 3690
62 104 1744
62 107 2234
62 111 7293
62 114 5264
62 117 44
62 119 6624
62 123 9022
62 126 2651
62 127 7999
62 128 6063
62 129 5562
62 130 4723
62 134 4430
62 135 7738
62 139 1697
62 144 2608
62 145 1348
62 146 7789
62 147 6392
62 148 226
62 150 3008
63 65 -134
63 66 6394
63 71 5278
63 73 108
63 74 2090
63 76 1766
63 79 2252
63 80 8064
63 82 8546
63 83 6623
63 85 7709
63 87 4010
63 88 7356
63 89 656
63 90 8912
63 93 4078
63 94 -130
63 97 1626
63 101 7305
63 102 3835
63 103 3619
63 105 1063
63 108 4380
63 109 2493
63 110 1703
63 112 2952
63 115 3342
63 118 1709
63 119 2631
63 124 8199
63 128 8326
63 131 8736
63 132 6314
63 134 9208
63 136 2913
63 137 1838
63 140 1202
63 143 5448
63 145 6411
63 147 8205
63 148 3925
63 149 1721
64 67 6031
64 68 7272
64 70 504
64 72 4002
64 73 4965
64 75 121
64 78 2744
64 79 4129
64 81 9391
64 84 3256
64 85 -57
64 90 4837
64 94 8062
64 99 1172
64 103 9349
64 104 8621
64 105 7193
64 108 5222
64 109 2406
64 112 779
64 114 9008
64 119 2685
64 121 3209
64 122 8672
64 123 8483
64 124 7274
64 125 5081
64 127 9139
64 128 422
64 131 6994
64 132 5409
64 133 6994
64 135 3686
64 136 5288
64 137 5430
64 139 2173
64 141 5007
64 142 5045
64 143 9167
64 147 9212
64 148 9036
64 150 5590
65 67 5211
65 68 1140
65 69 5260
65 71 5863
65 75 -101
65 77 6979
65 82 3412
65 85 449
65 86 1695
65 87 3576
65 91 8962
65 92 3926
65 93 7170
65 95 9078
65 96 1431
65 98 -285
65 99 978
65 102 2305
65 103 3811
65 113 5686
65 116 7670
65 119 7217
65 120 6409
65 121 -302
65 128 4084
65 129 5371
65 131 2911
65 132 8284
65 134 4563
65 138 8159
65 139 8401
65 140 211
65 141 2563
65 142 2540
65 144 1982
65 145 2035
65 146 5185
65 148 2185
65 150 9442
66 68 907
66 69 -336
66 70 7160
66 72 5883
66 73 6420
66 74 2271
66 75 3639
66 76 -246
66 78 1210
66 79 6419
66 83 2593
66 87 2292
66 89 -328
66 91 3284
66 96 2171
66 97 1543
66 99 2267
66 101 3131
66 102 2787
66 105 9406
66 107 2561
66 108 4910
66 110 6148
66 111 2836
66 114 9461
66 116 726
66 120 3791
66 121 4961
66 123 -196
66 125 9370
66 127 7675
66 129 5617
66 131 5181
66 135 5428
66 136 7342
66 137 4472
66 138 5831
66 139 7723
66 140 2952
66 141 -112
66 142 1106
66 144 3329
66 145 5776
66 146 532
66 150 4991
67 70 5643
67 71 8344
67 73 3140
67 74 1145
67 76 4002
67 77 4481
67 79 3651
67 80 2535
67 82 184
67 84 8073
67 85 7515
67 87 4368
67 88 8805
67 93 3864
67 94 7272
67 97 2226
67 101 9471
67 102 7818
67 103 513
67 105 1950
67 106 4853
67 108 749
67 111 4397
67 114 7797
67 117 2886
67 118 8962
67 122 4839
67 123 7173
67 125 958
67 126 7193
67 130 707
67 134 -443
67 135 3679
67 136 4137
67 141 4754
67 143 8815
67 146 7002
67 148 4475
68 69 6404
68 78 9497
68 82 7285
68 84 3092
68 85 138
68 86 7390
68 88 8326
68 89 6564
68 91 8285
68 92 1341
68 94 1156
68 97 4763
68 98 8656
68 99 6503
68 101 7310
68 105 2717
68 108 3471
68 112 1285
68 118 1412
68 120 7611
68 121 4134
68 126 3708
68 128 5383
68 133 8895
68 134 1905
68 135 8499
68 136 7522
68 137 1759
68 141 9367
68 142 5849
68 143 4032
68 145 9456
68 147 4624
68 149 4257
68 150 3980
69 71 2919
69 72 7710
69 75 1999
69 76 9205
69 77 529
69 78 7667
69 80 8078
69 81 222
69 87 8445
69 88 3752
69 92 -406
69 94 7924
69 95 4988
69 97 1947
69 100 7368
69 101 9069
69 103 7876
69 104 -60
69 107 5661
69 109 3232
69 110 5231
69 111 8083
69 112 8633
69 114 140
69 117 6288
69 118 137
69 120 7422
69 121 3931
69 122 8139
69 127 7999
69 135 8421
69 138 8178
69 139 2905
69 140 4956
69 142 274
69 143 8642
69 145 5730
69 146 6987
69 147 8625
69 150 4571
70 73 7180
70 75 769
70 77 5388
70 80 6009
70 85 3568
70 86 6489
70 88 4747
70 91 3804
70 92 8894
70 94 6363
70 95 6398
70 97 1841
70 98 1975
70 99 473
70 100 2694
70 102 220
70 104 3177
70 105 8515
70 107 5353
70 108 5702
70 109 2811
70 112 -258
70 116 3456
70 121 7443
70 122 6857
70 125 4640
70 126 6005
70 127 6981
70 130 1972
70 132 5867
70 138 4139
70 139 3396
70 141 4104
70 150 5596
71 72 4524
71 77 6635
71 80 3708
71 81 9228
71 85 1734
71 89 8462
71 94 3308
71 98 9280
71 99 7726
71 100 1273
71 105 2014
71 109 2290
71 112 447
71 114 -380
71 115 3466
71 118 5435
71 122 1580
71 124 9396
71 126 5284
71 127 2128
71 133 6677
71 134 4038
71 137 5068
71 140 2847
71 141 -444
71 144 7826
71 145 1577
71 146 5081
71 147 6087
71 148 5630
71 149 5341
72 73 318
72 74 185
72 75 3464
72 76 4801
72 78 9341
72 81 4175
72 82 8446
72 83 1963
72 84 5968
72 86 7824
72 89 9077
72 91 8471
72 96 3654
72 99 8204
72 100 556
72 104 3561
72 105 6083
72 107 6332
72 112 5910
72 113 490
72 115 7866
72 117 1081
72 118 3412
72 120 7245
72 122 8528
72 123 8924
72 125 7321
72 127 4023
72 128 967
72 129 1807
72 131 5099
72 132 4744
72 133 6590
72 134 8297
72 143 715
72 147 623
72 148 227
72 149 1789
73 75 2184
73 76 1824
73 77 3918
73 79 8637
73 82 8439
73 83 4995
73 84 9127
73 85 8788
73 89 8598
73 90 7007
73 92 2919
73 95 570
73 96 1805
73 97 539
73 99 9494
73 100 3147
73 102 8143
73 103 2920
73 106 4957
73 108 4793
73 113 9394
73 118 7721
73 122 8513
73 124 -244
73 125 2573
73 128 6593
73 133 6690
73 134 487
73 135 7201
73 137 4876
73 139 1143
73 141 8636
73 143 3285
73 144 6587
73 145 -164
73 146 8895
73 147 4346
73 148 3215
73 150 9480
74 75 1518
74 80 3580
74 81 536
74 83 6211
74 84 -442
74 87 5644
74 88 6819
74 89 8972
74 91 1637
74 97 8458
74 99 684
74 103 4649
74 104 3647
74 105 -441
74 108 1983
74 109 1321
74 110 824
74 112 4504
74 113 7782
74 115 9126
74 117 9296
74 118 359
74 119 6794
74 127 7582
74 130 2515
74 135 9186
74 136 -495
74 144 6589
74 146 651
74 148 9140
74 150 7402
75 77 4016
75 78 9035
75 79 2460
75 80 5926
75 81 1599
75 84 215
75 87 3794
75 89 -279
75 94 -130
75 98 3265
75 99 -355
75 100 4021
75 103 5882
75 104 3567
75 105 2283
75 107 661
75 111 5899
75 112 7385
75 117 8440
75 120 8370
75 122 8241
75 129 4701
75 130 4481
75 131 6400
75 133 4507
75 136 7429
75 138 7601
75 139 4743
75 142 5387
75 144 5220
75 145 1221
75 147 -65
76 77 5360
76 78 4600
76 82 1959
76 87 566
76 88 6577
76 89 547
76 92 8162
76 94 2869
76 96 1132
76 97 -366
76 98 7492
76 99 1466
76 100 1033
76 101 429
76 105 387
76 107 4422
76 109 5060
76 114 5703
76 115 7597
76 116 1126
76 118 8585
76 119 9010
76 125 1576
76 126 3355
76 131 8978
76 135 3585
76 136 5152
76 138 5355
76 140 8845
76 141 1950
76 147 8334
76 148 4339
76 149 3777
77 78 7418
77 81 2512
77 82 8183
77 83 3575
77 84 4350
77 88 1208
77 93 8377
77 96 4943
77 97 9179
77 102 7446
77 103 6087
77 104 6622
77 105 8773
77 111 1393
77 112 2994
77 113 1680
77 115 9189
77 116 8748
77 117 8236
77 120 560
77 124 4802
77 126 7910
77 127 922
77 129 6619
77 133 554
77 138 1547
77 143 5395
77 145 9391
77 146 9313
77 149 8012
78 79 4975
78 80 9274
78 81 4965
78 83 2449
78 86 7884
78 88 3020
78 89 2691
78 90 9167
78 99 -106
78 102 1972
78 103 3107
78 104 9451
78 106 -473
78 107 5345
78 108 7809
78 109 1968
78 110 158
78 112 1456
78 114 3832
78 115 1388
78 116 8862
78 117 377
78 121 -341
78 122 -42
78 124 8727
78 126 8385
78 129 -36
78 132 5479
78 134 -48
78 135 9407
78 141 5004
78 143 700
78 144 6398
78 146 638
78 147 2370
78 148 3738
79 81 8026
79 82 7183
79 84 8816
79 86 1455
79 88 3511
79 95 8394
79 96 4209
79 97 103
79 98 9010
79 99 5586
79 101 5599
79 103 1634
79 105 176
79 108 6739
79 110 8329
79 112 8116
79 114 3629
79 115 3069
79 116 6788
79 120 6568
79 121 3077
79 124 2950
79 125 6225
79 128 7937
79 129 6429
79 130 8083
79 131 3549
79 132 3610
79 133 1343
79 134 5190
79 136 3237
79 138 -66
79 139 6802
79 140 9300
79 146 510
79 147 1472
79 148 2187
79 149 7610
79 150 6821
80 82 1856
80 85 3600
80 86 3786
80 88 7842
80 89 6577
80 90 5288
80 91 5845
80 92 7624
80 94 4170
80 95 9228
80 96 463
80 99 8282
80 100 5906
80 104 5653
80 105 2839
80 113 3109
80 116 -486
80 119 7077
80 120 8977
80 121 3624
80 126 7769
80 127 7032
80 128 5254
80 131 8490
80 132 5466
80 138 4310
80 141 8816
80 145 7776
80 147 6823
80 148 8933
80 149 8123
80 150 7693
81 82 7928
81 92 4031
81 93 6860
81 94 1847
81 95 2064
81 97 7665
81 99 3941
81 105 7105
81 106 1067
81 108 3830
81 114 4412
81 118 3713
81 121 7180
81 123 1704
81 128 7701
81 129 1225
81 130 2045
81 131 9246
81 132 -369
81 133 7410
81 134 3006
81 137 -96
81 138 3061
81 139 1427
81 142 -391
81 143 4690
81 144 3088
81 145 2061
81 146 9359
81 148 -411
81 150 5811
82 84 4620
82 85 2000
82 86 5081
82 89 4963
82 92 8201
82 94 8388
82 96 4456
82 97 8768
82 98 1981
82 100 9413
82 101 1827
82 103 4576
82 106 5147
82 108 5336
82 109 2170
82 110 7386
82 111 -102
82 113 8896
82 120 8104
82 124 847
82 129 5421
82 131 4266
82 139 2293
82 140 3668
82 141 6547
82 142 40
82 143 8482
82 146 7465
82 147 5923
82 149 6650
83 85 4832
83 86 4110
83 88 6473
83 93 5372
83 95 1801
83 96 798
83 97 5241
83 98 871
83 99 4830
83 100 406
83 102 3438
83 103 9232
83 105 6537
83 107 6001
83 108 7052
83 110 5780
83 114 2432
83 115 5298
83 120 2548
83 122 6914
83 124 9426
83 125 3058
83 126 3560
83 127 7297
83 128 107
83 129 2679
83 130 694
83 134 6041
83 136 2919
83 137 8549
83 139 2562
83 142 1039
83 143 955
83 145 395
83 146 3583
83 148 8665
83 149 2643
83 150 2325
84 85 4124
84 86 10
84 87 862
84 88 7924
84 91 2660
84 93 -271
84 94 6747
84 96 8600
84 97 3838
84 98 3332
84 100 4712
84 102 3486
84 103 5204
84 107 5818
84 109 5183
84 111 8518
84 112 4595
84 120 -457
84 121 6400
84 126 7760
84 127 7054
84 128 3198
84 129 5365
84 133 517
84 135 6107
84 136 422
84 137 2329
84 138 1458
84 141 8361
84 142 3531
84 145 6047
84 146 7020
84 149 372
85 87 -138
85 90 9119
85 91 9374
85 95 9404
85 98 812
85 103 6735
85 107 4738
85 109 6977
85 110 1995
85 111 3900
85 113 8874
85 114 2580
85 115 6657
85 117 2557
85 120 5176
85 124 7419
85 125 6794
85 127 4066
85 131 5189
85 134 2217
85 135 6755
85 136 5783
85 140 2068
85 141 2474
85 146 6158
85 148 1393
85 150 4865
86 88 2193
86 92 6216
86 96 7408
86 101 3432
86 102 6499
86 103 3971
86 108 6011
86 109 3484
86 111 6769
86 112 2507
86 115 288
86 117 2435
86 118 8945
86 120 9478
86 122 868
86 123 4454
86 127 5521
86 130 5601
86 133 5414
86 135 87
86 139 6441
86 141 557
86 144 4217
86 145 9219
86 146 5437
86 149 2637
86 150 -168
87 91 6178
87 96 7337
87 98 4352
87 99 4749
87 100 8251
87 103 4733
87 104 7086
87 106 589
87 107 3423
87 108 5354
87 111 5425
87 113 3564
87 118 6627
87 120 1261
87 121 9274
87 122 5648
87 123 8516
87 129 5973
87 135 363
87 138 7220
87 139 5773
87 140 5157
87 142 7819
87 143 3342
87 144 7649
87 147 5494
87 148 7566
88 91 109
88 92 3186
88 93 4311
88 95 7799
88 97 371
88 98 5873
88 100 679
88 101 4547
88 102 2593
88 106 8480
88 109 9375
88 113 7550
88 114 506
88 115 1461
88 117 1854
88 123 2
88 124 4635
88 126 8215
88 129 4020
88 133 7717
88 135 8654
88 137 4866
88 138 5100
88 141 6496
88 143 2912
88 144 300
88 145 6850
88 149 9280
89 92 9452
89 96 640
89 100 4741
89 104 1647
89 106 4400
89 108 4034
89 112 4341
89 113 6901
89 115 9340
89 116 486
89 118 -350
89 121 152
89 122 1642
89 123 1897
89 125 8203
89 131 6850
89 132 3203
89 141 2621
89 145 7598
90 91 2681
90 92 744
90 96 8050
90 98 7333
90 99 5158
90 102 8639
90 103 3431
90 106 6
90 107 1150
90 109 5918
90 110 2150
90 111 9158
90 113 9384
90 115 1640
90 119 2333
90 123 5214
90 124 8351
90 126 9106
90 129 6604
90 131 1390
90 135 9045
90 139 9306
90 145 7584
90 148 1915
90 150 7671
91 92 8495
91 93 6194
91 100 5624
91 102 -128
91 106 1882
91 107 1517
91 112 1563
91 114 2856
91 115 3649
91 118 5225
91 119 2979
91 121 4028
91 122 4797
91 123 1504
91 124 2296
91 126 2751
91 129 8450
91 131 3390
91 132 5865
91 134 2355
91 139 2750
91 141 8975
91 142 4512
91 145 3252
91 146 4530
91 147 589
91 150 1851
92 96 150
92 97 4670
92 100 2553
92 101 546
92 102 1519
92 104 8397
92 105 809
92 106 3783
92 107 7718
92 112 2152
92 113 664
92 115 8313
92 118 3794
92 119 309
92 120 2370
92 122 1563
92 123 3069
92 124 1619
92 125 7265
92 126 8492
92 132 9245
92 143 8056
92 144 1115
92 146 3813
92 149 6308
92 150 4608
93 94 8272
93 95 5822
93 97 1123
93 100 6545
93 104 6965
93 105 9466
93 107 4387
93 108 3616
93 109 6402
93 110 2062
93 111 172
93 113 8558
93 117 6046
93 118 9311
93 122 -218
93 123 7797
93 125 -255
93 127 4054
93 128 9223
93 129 8143
93 130 7360
93 133 8739
93 135 6008
93 138 5998
93 140 9396
94 101 2995
94 102 125
94 104 1572
94 107 6842
94 109 5803
94 110 2416
94 111 4777
94 112 9080
94 114 8922
94 118 822
94 125 5435
94 126 7487
94 128 6130
94 129 7286
94 132 1092
94 133 6706
94 135 4796
94 137 4128
94 139 5375
94 140 6365
94 143 -436
94 145 3005
94 147 5878
94 150 3455
95 99 5536
95 100 -335
95 105 2699
95 109 7969
95 110 6739
95 115 3954
95 116 2722
95 118 5988
95 120 -265
95 124 6955
95 126 6142
95 132 -425
95 133 -199
95 135 7915
95 137 1078
95 138 1525
95 139 829
95 142 2524
95 146 1934
95 148 3187
95 149 802
95 150 3533
96 97 8284
96 98 1689
96 102 294
96 103 2824
96 104 1160
96 105 -27
96 106 8024
96 109 4281
96 110 4330
96 111 6066
96 112 5041
96 113 6972
96 114 -148
96 115 3507
96 117 8934
96 119 3676
96 122 7261
96 123 6616
96 124 9269
96 125 950
96 126 1146
96 127 2927
96 128 640
96 129 8981
96 132 7653
96 141 6301
96 147 9096
96 149 673
97 99 1972
97 100 3001
97 101 4416
97 103 3528
97 104 8269
97 106 8464
97 107 7823
97 111 7324
97 112 6255
97 113 3656
97 116 977
97 125 424
97 126 4113
97 127 3271
97 131 8590
97 133 1712
97 134 4960
97 137 6838
97 138 5777
97 142 1128
97 146 6914
97 150 1411
98 100 8540
98 101 7464
98 104 5291
98 108 8661
98 109 1088
98 110 -59
98 112 6818
98 113 2806
98 114 4811
98 115 1440
98 117 833
98 119 55
98 125 5143
98 126 1242
98 127 5894
98 135 5584
98 136 3782
98 137 7335
98 138 5335
98 139 8230
98 144 4988
98 145 990
98 146 6188
98 147 8327
98 149 6120
99 100 2649
99 106 6217
99 110 9256
99 112 8552
99 114 1423
99 115 9186
99 116 9449
99 117 8479
99 119 1974
99 120 7156
99 128 1230
99 129 4765
99 130 6922
99 133 2107
99 134 367
99 135 1284
99 138 869
99 139 2089
99 140 4517
99 141 864
99 143 2433
99 144 3446
99 146 5518
99 149 5270
100 102 7061
100 103 6654
100 104 4047
100 105 8387
100 106 7161
100 109 1974
100 111 9020
100 114 2166
100 117 107
100 119 4756
100 121 1644
100 122 6435
100 124 8602
100 126 1447
100 128 3174
100 129 2818
100 130 6568
100 135 2129
100 136 1047
100 138 5475
100 141 7246
100 144 1670
100 145 1327
100 147 4796
100 148 1542
100 149 4169
101 103 7931
101 106 3474
101 107 8684
101 109 9299
101 113 8826
101 114 1180
101 116 2821
101 120 875
101 121 4269
101 122 7942
101 125 3805
101 127 1146
101 129 7954
101 130 3412
101 133 2986
101 134 9064
101 137 7792
101 140 1725
101 142 -467
101 143 9064
101 150 172
102 104 6691
102 106 2802
102 110 8834
102 111 9443
102 113 1597
102 115 2810
102 116 4632
102 117 9169
102 118 2842
102 119 1175
102 120 5279
102 122 2386
102 124 7404
102 125 8522
102 130 5804
102 131 295
102 132 2397
102 134 6332
102 137 234
102 141 6154
102 142 5090
102 144 8127
102 146 7673
102 147 6732
102 150 1173
103 107 4638
103 109 4733
103 110 8025
103 111 7648
103 112 5097
103 114 509
103 115 1569
103 122 6225
103 126 2710
103 127 6244
103 131 1367
103 136 3432
103 138 3319
103 140 2076
103 141 -39
103 147 2205
103 148 8459
103 149 2809
104 108 1060
104 109 1302
104 110 1265
104 113 2494
104 114 6344
104 116 8796
104 117 6266
104 119 7370
104 121 699
104 123 60
104 124 1409
104 126 7126
104 127 6293
104 129 7692
104 130 4511
104 133 593
104 135 1154
104 136 2727
104 137 1446
104 138 1931
104 139 -340
104 144 8787
104 148 8150
105 108 7111
105 110 4427
105 113 3922
105 115 1362
105 118 6696
105 119 4480
105 120 4293
105 123 -188
105 124 1353
105 126 4673
105 130 7624
105 131 5850
105 132 8017
105 136 3043
105 138 7062
105 139 3175
105 140 8159
105 147 -473
106 107 2572
106 112 6442
106 114 3269
106 115 5322
106 119 51
106 121 9216
106 123 5395
106 131 8559
106 133 2974
106 136 558
106 138 6601
106 142 8887
106 144 4330
106 146 8832
106 147 3334
106 149 6742
106 150 8221
107 111 1585
107 112 3002
107 113 3667
107 116 3977
107 118 -41
107 121 1917
107 122 -257
107 123 4817
107 126 7767
107 131 5255
107 133 2513
107 134 4843
107 135 242
107 137 2049
107 138 5976
107 140 1160
107 142 535
107 143 5960
107 144 7293
107 148 5059
107 150 7682
108 110 8404
108 115 1599
108 118 8084
108 119 8864
108 123 -35
108 124 8115
108 125 7889
108 127 2506
108 130 2619
108 131 3863
108 133 5524
108 134 1928
108 135 6242
108 136 3394
108 138 865
108 145 580
108 149 6308
109 110 7668
109 114 5605
109 115 656
109 116 4515
109 117 -162
109 119 3819
109 123 7123
109 124 4754
109 127 6104
109 128 9413
109 130 8512
109 131 8501
109 137 3643
109 139 1876
109 141 5352
109 143 2916
109 144 8030
109 145 1513
109 146 3105
109 147 4460
110 111 671
110 112 6732
110 126 9442
110 127 6061
110 128 1598
110 129 8909
110 132 3029
110 133 1666
110 134 1132
110 140 6713
110 141 3000
110 143 7426
110 144 7351
110 145 6454
110 148 1791
110 149 4867
111 113 3623
111 115 5
111 117 4384
111 118 -441
111 124 4523
111 126 -342
111 128 4692
111 129 7992
111 130 3117
111 131 8496
111 134 1089
111 135 7149
111 138 5913
111 140 1236
111 142 8136
111 144 8846
112 114 -149
112 117 5893
112 120 4437
112 122 3777
112 124 1943
112 127 4024
112 128 5562
112 129 7674
112 130 -402
112 131 1808
112 132 -423
112 133 9385
112 136 3847
112 140 6151
112 142 4057
112 143 3010
112 144 3248
112 145 1110
112 148 1541
112 149 3504
112 150 2263
113 115 9144
113 117 3446
113 120 7892
113 121 2796
113 125 7346
113 126 4012
113 128 6558
113 137 1297
113 139 2138
113 140 846
113 144 1858
113 145 3002
113 146 811
113 147 5264
113 149 4084
113 150 2233
114 115 817
114 118 5298
114 120 2411
114 122 7646
114 123 -134
114 124 4154
114 128 2830
114 129 7187
114 132 1902
114 134 -475
114 135 7645
114 136 5327
114 144 6588
114 145 4968
115 117 171
115 119 1705
115 120 2467
115 123 8492
115 126 7105
115 128 5784
115 130 6681
115 131 1819
115 132 4134
115 134 8428
115 135 3820
115 138 2764
115 140 2070
115 144 4444
115 149 8145
116 117 7250
116 118 349
116 120 2907
116 121 6832
116 122 3650
116 124 4626
116 125 8103
116 126 9072
116 127 273
116 129 4329
116 132 -70
116 133 4298
116 134 4433
116 138 1738
116 140 2060
116 141 -234
116 142 7531
116 147 2778
117 118 9347
117 119 6039
117 121 4699
117 127 418
117 128 5892
117 131 3827
117 132 2051
117 139 3662
117 142 8348
117 146 4309
117 148 4996
117 150 7219
118 119 7630
118 121 5284
118 124 3696
118 126 7821
118 127 3428
118 130 2784
118 134 3793
118 135 9214
118 138 4392
118 139 4079
118 140 3743
118 141 4866
118 142 4033
118 144 2015
118 146 7906
118 148 3426
118 150 6738
119 121 5776
119 124 7487
119 128 4307
119 129 8212
119 133 1815
119 134 4189
119 137 8524
119 139 7036
119 144 1842
119 145 6113
119 146 7399
119 148 4232
119 149 1423
119 150 252
120 124 2171
120 125 4856
120 128 -410
120 129 6237
120 130 5738
120 131 8541
120 134 2764
120 135 2164
120 136 2828
120 137 4676
120 140 8295
120 147 7862
120 148 2148
121 126 2457
121 130 7134
121 131 7291
121 136 6437
121 138 732
121 139 2105
121 141 -299
121 142 5111
121 146 3909
121 148 3456
121 149 7566
121 150 8223
122 123 4833
122 124 8900
122 125 295
122 127 3059
122 128 883
122 129 5776
122 131 3345
122 133 2286
122 135 6217
122 139 6325
122 141 5226
122 144 2991
122 145 5734
122 146 1950
123 124 -181
123 128 6172
123 131 900
123 133 8783
123 134 3680
123 135 2838
123 136 6606
123 138 6123
123 139 6673
123 140 2021
123 146 680
124 127 1871
124 130 8034
124 131 8572
124 137 292
124 138 473
124 142 1864
124 143 7747
124 144 7617
124 147 5478
124 148 8063
124 149 5334
124 150 4083
125 128 6975
125 132 222
125 133 9427
125 136 369
125 139 3952
125 140 7742
125 141 6958
125 145 6651
125 147 4430
126 130 8098
126 132 7306
126 134 4955
126 135 6579
126 136 1311
126 139 1822
126 140 -197
126 144 5604
126 150 1917
127 128 5983
127 132 -69
127 134 1795
127 135 2181
127 136 7604
127 137 1867
127 138 3567
127 141 8740
127 143 4319
127 144 8175
127 145 5901
127 146 1973
127 149 -47
127 150 3366
128 132 8267
128 136 6799
128 137 7228
128 139 5951
128 141 3195
128 142 6366
128 144 1878
128 147 84
128 149 4056
129 130 897
129 135 5941
129 138 6363
129 139 3773
129 140 1664
129 142 4013
129 146 4446
129 147 4374
129 148 7098
129 149 913
130 131 2027
130 134 655
130 135 5691
130 137 5562
130 139 9125
130 140 4072
130 141 6388
130 142 7865
130 143 395
130 144 7980
130 146 4358
130 148 415
130 149 2177
130 150 2630
131 132 2628
131 137 8911
131 139 5450
131 140 2692
131 141 9381
131 143 4217
131 145 6561
131 146 9242
131 147 9421
132 134 9137
132 137 4528
132 140 1010
132 141 2567
132 146 4072
132 147 5479
133 136 3273
133 137 4329
133 138 3859
133 139 4382
133 141 3112
133 143 1806
133 144 4242
133 146 3726
133 149 7017
134 135 246
134 137 -12
134 139 279
134 141 4260
134 142 4317
134 144 1255
134 148 7125
135 136 909
135 138 6519
135 144 8712
135 147 4185
135 149 7666
136 143 2846
136 144 6092
136 146 1423
136 149 5164
136 150 6780
137 138 9283
137 143 6382
137 144 8384
137 145 3284
137 150 -297
138 140 8177
138 141 3041
138 143 1689
138 144 1246
138 146 862
138 149 6557
139 141 1397
139 142 1330
139 145 3076
139 150 5328
140 142 978
140 143 3061
140 144 7994
140 146 2090
140 148 7920
141 143 7657
141 145 3778
141 147 7285
141 149 6354
142 146 9258
142 149 8055
143 146 8245
143 148 4705
143 149 98
144 145 188
144 146 2088
144 148 6666
144 150 8770
145 146 3481
145 147 4609
145 148 7200
146 147 4885
146 149 6133
147 149 9500
148 149 2295
149 150 9308
