100 1234
1 3 1623
1 5 -2833
1 6 -2042
1 7 -1901
1 12 1128
1 14 -3842
1 19 -194
1 20 632
1 25 -2893
1 28 -1219
1 32 -5511
1 34 -5091
1 35 -808
1 37 -4942
1 39 -384
1 40 1243
1 41 2299
1 44 -5881
1 49 -5986
1 50 -985
1 58 -1259
1 59 -5019
1 62 -783
1 63 -525
1 65 -3924
1 69 -5524
1 70 3154
1 73 2646
1 78 -2030
1 81 2721
1 84 -2770
1 93 2583
1 97 1715
1 98 -3229
2 10 -3982
2 28 1901
2 29 -2950
2 30 -193
2 39 -1261
2 42 -2989
2 46 -237
2 53 392
2 54 3677
2 57 1402
2 60 -2493
2 66 3987
2 71 -3297
2 73 -5743
2 75 -4035
2 76 -4114
2 84 2222
2 86 -4843
2 98 3405
2 100 -5557
3 20 -263
3 21 2257
3 24 -4037
3 25 -4243
3 26 3716
3 28 849
3 31 -5108
3 44 -5253
3 48 2708
3 54 1787
3 61 -4988
3 67 2688
3 68 3754
3 74 2858
3 79 1281
3 83 492
3 85 -2079
3 86 -1253
3 94 -5956
3 95 1453
3 96 3345
3 97 2377
3 98 -257
4 17 933
4 20 -4717
4 22 -371
4 33 -2733
4 36 -3271
4 38 -5872
4 39 -4688
4 45 -4553
4 50 -1125
4 51 179
4 52 -2719
4 57 -1610
4 62 -5227
4 63 -2743
4 64 -3996
4 70 12
4 71 3734
4 72 -5569
4 74 794
4 77 -2262
4 78 -1541
4 83 2448
4 84 -130
4 97 -2813
4 98 43
5 6 -3441
5 10 -2467
5 11 -2358
5 18 -4675
5 22 1761
5 29 -422
5 31 -5525
5 46 -824
5 47 -1989
5 55 140
5 56 2938
5 58 -5376
5 59 2373
5 65 -1174
5 67 -1227
5 74 271
5 75 -3300
5 83 -2797
5 86 3653
5 87 -5805
5 98 1406
5 100 3032
6 11 3167
6 12 -4783
6 17 -2413
6 18 -4713
6 19 -1700
6 30 -4234
6 34 -4174
6 35 3850
6 39 -1875
6 41 3322
6 49 -3497
6 51 645
6 70 -3038
6 71 -2794
6 74 -3920
6 75 256
6 77 -1265
6 88 -1369
6 89 -4970
6 90 -3431
7 12 -1406
7 17 2411
7 19 51
7 24 2588
7 30 -1391
7 32 2375
7 36 3772
7 42 1866
7 44 -3278
7 47 445
7 57 3826
7 59 -4997
7 68 -4726
7 70 3662
7 74 -3235
7 75 3724
7 79 -1168
7 82 3027
7 87 1501
7 94 322
8 11 -565
8 18 2681
8 23 402
8 29 3752
8 31 -3215
8 42 1647
8 45 -4660
8 48 -719
8 49 2278
8 50 3177
8 54 -3909
8 59 3189
8 60 -4357
8 61 -1236
8 66 -3003
8 67 -4374
8 68 1489
8 69 -5948
8 71 3882
8 72 -5342
8 74 -3590
8 75 395
8 76 -3020
8 78 2230
8 79 -981
8 82 3744
8 86 -5084
8 87 -5115
8 90 -5896
8 91 1553
8 100 -3280
9 13 -2002
9 17 -5622
9 18 -4614
9 22 -2473
9 23 138
9 26 1944
9 27 -2161
9 30 3292
9 31 -836
9 34 -1016
9 36 -1351
9 39 3689
9 43 -1979
9 51 -2829
9 52 -1625
9 54 -4775
9 56 -1876
9 71 -1050
9 74 1979
9 76 3389
9 79 -5207
9 83 -1346
9 85 -1908
9 87 -3913
9 88 1370
9 90 -967
9 93 -2256
9 97 -5041
9 98 -5193
10 11 -4482
10 17 -323
10 21 -1700
10 24 2286
10 25 -4801
10 28 3979
10 35 -1991
10 37 -5111
10 39 -2739
10 54 -516
10 55 1191
10 56 -4529
10 63 -4236
10 67 3003
10 72 -4507
10 73 -5555
10 77 -438
10 86 -2332
10 89 2147
10 91 413
10 94 -1640
11 12 -3866
11 16 160
11 18 -4211
11 20 -1170
11 21 -416
11 34 -380
11 37 -3923
11 68 -2946
11 70 -2499
11 74 -3889
11 80 1129
11 86 -3322
11 87 -5871
11 89 1679
11 93 2422
11 94 2262
11 97 1793
12 13 -103
12 14 -4016
12 31 -3613
12 33 -438
12 37 1804
12 52 -2025
12 59 2951
12 73 -2540
12 75 -3784
12 78 1898
12 81 -4566
12 87 -3724
12 90 2815
12 92 -5696
12 97 -779
13 18 -2977
13 20 -2732
13 22 3958
13 38 -372
13 43 -2375
13 46 2019
13 52 -1133
13 57 1140
13 68 -3531
13 70 2812
13 71 -3170
13 75 -3629
13 78 -5846
13 86 -4765
13 93 -1394
13 95 594
13 96 -3042
13 100 -1530
14 17 326
14 18 -5384
14 19 -375
14 22 1374
14 23 -4665
14 26 2266
14 29 2822
14 31 2010
14 32 3323
14 34 -744
14 35 -1534
14 40 -3031
14 45 -4569
14 50 -1208
14 55 -512
14 56 1049
14 59 3756
14 61 -4015
14 62 989
14 64 3293
14 71 3002
14 74 -2782
14 76 1838
14 77 -2819
14 79 702
14 81 -5751
14 84 -2545
14 85 -2356
14 88 671
14 94 -3231
14 96 -1496
15 18 -3402
15 20 -730
15 34 -797
15 37 -662
15 47 -2287
15 52 -1335
15 55 -5766
15 57 2409
15 59 -4336
15 61 2414
15 66 -1271
15 68 -2710
15 72 3760
15 74 -503
15 77 3578
15 79 -372
15 81 1497
15 83 -1010
15 88 -4120
15 92 -1431
15 93 2585
16 18 -2878
16 35 557
16 37 -4024
16 41 1172
16 42 -3388
16 43 -4968
16 56 -937
16 60 2683
16 63 2175
16 64 3897
16 67 1326
16 68 -4202
16 70 -566
16 72 1034
16 86 -2547
16 92 -884
16 93 -4369
16 95 3480
16 97 -3519
16 98 3729
17 21 90
17 29 3512
17 35 82
17 39 108
17 44 -1416
17 49 1361
17 53 3068
17 71 -5278
17 76 -4817
17 77 -4277
17 87 -187
17 90 -2926
17 91 -3842
17 92 1742
17 99 -493
18 20 -3738
18 22 -5342
18 24 1482
18 27 1271
18 28 2517
18 35 1027
18 45 2547
18 48 -1808
18 50 -1197
18 61 1843
18 64 3541
18 68 -184
18 69 -3272
18 70 1802
18 72 1719
18 79 2298
18 82 2793
18 83 1144
18 84 3680
18 90 -2665
19 20 -1401
19 33 -3873
19 37 3642
19 43 -2121
19 48 -4136
19 50 1902
19 65 -5927
19 66 3532
19 70 -3014
19 74 -1561
19 78 -3029
19 82 2654
19 91 -2316
20 27 -3953
20 30 812
20 33 -3124
20 36 -1818
20 37 3133
20 38 -5411
20 40 2541
20 44 -5178
20 48 -1900
20 53 1764
20 57 -3474
20 59 -1152
20 63 173
20 66 1581
20 67 -815
20 70 3984
20 77 2818
20 81 2118
20 84 -2642
20 97 -5879
20 99 -3409
21 34 2681
21 35 1859
21 41 -5782
21 44 -5651
21 48 2217
21 53 -3864
21 55 395
21 58 -574
21 63 2613
21 65 3237
21 78 -331
21 79 -266
21 81 -5976
21 85 -1523
21 89 -5698
21 98 -2146
22 24 1815
22 28 1356
22 29 -4893
22 30 3907
22 36 1896
22 37 -5068
22 47 -4458
22 53 1123
22 63 1743
22 68 1127
22 70 -4937
22 71 -432
22 80 571
22 85 -5911
22 88 3974
22 89 -5165
22 91 -3441
22 93 2168
22 97 -4655
22 100 -2702
23 25 -578
23 28 1426
23 29 -5586
23 30 1004
23 32 -5420
23 33 -640
23 36 -5122
23 39 -2755
23 41 3875
23 42 1586
23 44 -4879
23 48 1863
23 54 895
23 57 2936
23 59 2794
23 63 2092
23 70 -2257
23 84 -3503
23 85 -2567
23 87 753
23 91 2373
23 95 -4781
24 28 979
24 31 -4676
24 33 -1799
24 40 725
24 41 -3313
24 55 1010
24 56 -3915
24 72 627
24 84 -5380
24 87 2298
24 96 3837
25 28 2593
25 30 -4804
25 32 -4133
25 51 3105
25 55 -3370
25 61 -3246
25 67 -687
25 71 -3165
25 74 -2092
25 75 -974
25 81 1119
25 83 -2131
25 90 -4908
25 92 -3073
25 94 3313
26 34 -1366
26 36 -1834
26 41 -4213
26 43 -547
26 44 -333
26 53 3712
26 63 3941
26 64 3531
26 65 -2307
26 66 -2577
26 69 -4965
26 74 -4991
26 75 -4788
26 82 -4489
26 85 -2896
26 88 1456
26 93 -3302
26 97 903
26 99 1891
27 33 2995
27 38 3997
27 39 -5303
27 40 -5042
27 41 1520
27 42 3757
27 44 2843
27 52 -3481
27 53 -4812
27 56 -2326
27 57 -3844
27 58 -2067
27 70 -5298
27 74 2996
27 75 18
27 79 2144
27 84 -3815
27 92 -4156
27 94 197
27 95 -4236
27 97 -681
28 32 -2317
28 41 1537
28 44 2631
28 69 -5469
28 71 -293
28 75 2405
28 82 -3579
28 84 2570
28 86 -4309
28 88 2466
28 89 893
28 92 -5268
28 94 950
28 96 -4615
28 97 967
28 98 2099
29 31 -1369
29 36 -544
29 39 -2915
29 40 -5920
29 41 3358
29 42 -3662
29 43 -206
29 47 -4639
29 50 1030
29 51 -5174
29 54 1722
29 59 2604
29 63 2262
29 76 945
29 84 -4449
29 86 -468
29 87 -109
29 89 1023
29 97 -5781
30 31 -1515
30 33 1412
30 41 627
30 47 -4960
30 50 887
30 55 1254
30 59 44
30 64 728
30 66 -5195
30 68 -26
30 71 2684
30 78 3185
30 79 -3115
30 94 -1346
30 95 3460
30 97 -3507
31 36 1822
31 37 338
31 39 769
31 48 -1986
31 52 -4801
31 54 1359
31 58 2142
31 64 10
31 69 -4600
31 72 -441
31 73 -5788
31 79 2078
31 82 -1779
31 85 -4048
31 88 1084
31 94 -710
31 95 3202
31 99 -3856
32 39 -206
32 41 716
32 55 -5467
32 68 2387
32 72 3125
32 73 652
32 79 135
32 87 760
32 99 2206
33 40 2065
33 44 3665
33 47 -5442
33 52 2636
33 54 3226
33 56 848
33 57 -3742
33 64 272
33 65 -2058
33 67 88
33 76 -3934
33 79 -2529
33 83 -5403
33 89 -3425
33 94 776
33 96 -2224
34 40 -2669
34 42 315
34 43 -3148
34 45 1897
34 46 3909
34 49 2569
34 53 -2156
34 57 2015
34 61 -2844
34 62 3327
34 66 1712
34 67 -1929
34 72 536
34 77 -3471
34 85 2185
34 86 -788
34 88 4000
34 92 105
34 94 -3803
34 96 344
34 97 -2707
35 36 -1370
35 37 -4791
35 47 3197
35 54 -2741
35 63 -611
35 64 -3173
35 68 3371
35 70 -4287
35 80 -3831
35 87 -963
35 94 -5396
35 95 212
35 100 -1855
36 39 -2533
36 41 -3182
36 44 -2393
36 46 -1414
36 47 2925
36 49 2686
36 56 1019
36 58 1202
36 67 -3082
36 68 2275
36 77 -4873
36 81 -4848
36 83 -5799
36 91 -2493
37 47 -920
37 48 112
37 50 2134
37 52 -552
37 53 3644
37 57 -398
37 58 1961
37 61 -5599
37 62 3377
37 63 3853
37 65 -4495
37 66 -5498
37 67 -1351
37 68 -311
37 74 -3915
37 76 -894
37 77 2927
37 85 -2453
37 91 -4463
38 40 2266
38 49 846
38 50 709
38 53 -725
38 54 28
38 55 -1541
38 65 3569
38 66 1328
38 71 -3083
38 80 -4512
38 86 2564
38 87 747
38 91 3401
38 97 -202
39 41 2285
39 47 -1117
39 50 1857
39 54 -4361
39 55 2096
39 59 181
39 60 -1073
39 61 -1283
39 62 2941
39 64 2687
39 69 -4798
39 70 2769
39 74 -556
39 76 -4330
39 81 -315
39 95 -4437
39 96 -1580
39 98 3396
40 43 1310
40 49 -1863
40 52 -5112
40 57 3200
40 58 -3547
40 60 -4838
40 61 3342
40 63 917
40 64 2567
40 66 1212
40 67 -148
40 69 -4814
40 71 3151
40 72 -2142
40 75 -566
40 79 -2010
40 80 -2555
40 85 2278
40 88 936
40 90 3236
40 92 3055
40 94 295
40 95 1585
40 96 -3467
40 98 421
41 44 -50
41 48 850
41 54 452
41 56 1379
41 57 -2924
41 60 3424
41 64 -3035
41 65 -4165
41 67 -173
41 68 -3395
41 69 -2773
41 73 2146
41 77 -5196
41 79 1588
41 81 2828
41 82 -271
41 88 1974
41 89 -837
41 94 -841
41 97 -4984
42 43 405
42 57 -2231
42 65 -2190
42 69 -328
42 75 3418
42 83 1148
42 86 2417
42 92 -5678
43 52 3068
43 56 512
43 57 -5944
43 58 27
43 59 -1295
43 63 -267
43 65 3785
43 68 -439
43 75 1332
43 76 3684
43 77 648
43 82 -1552
43 83 -3013
43 90 319
43 94 -2803
44 46 854
44 50 -2803
44 55 -4157
44 60 -3413
44 64 -3420
44 71 -536
44 74 -5036
44 75 1585
44 79 -1827
44 82 -4160
44 84 1573
44 87 -4156
44 89 -5636
44 90 1756
44 94 -2788
44 100 3899
45 49 -3902
45 54 -232
45 72 -1078
45 92 -2246
45 96 -4683
45 98 -621
45 99 2384
46 47 -2074
46 54 847
46 63 -314
46 65 3147
46 67 1783
46 70 -185
46 75 -5196
46 84 -5796
46 85 -2805
46 86 3605
46 90 -166
46 94 3715
46 99 -5744
47 53 2922
47 55 -5415
47 61 599
47 64 333
47 73 -1372
47 77 2335
47 79 -3583
47 81 3846
47 90 -1361
47 92 -852
47 94 -520
47 99 -1767
47 100 3186
48 49 -3235
48 54 983
48 59 -2842
48 61 -5632
48 62 -3312
48 67 3517
48 68 921
48 73 -3134
48 76 3184
48 83 -705
48 84 -3965
48 88 -695
48 92 -1429
48 93 -5871
48 96 215
49 50 1673
49 61 -2246
49 62 -3680
49 65 -4439
49 72 -4922
49 75 185
49 79 -4708
49 90 -1485
49 94 1547
49 97 1564
50 51 -5038
50 53 -5811
50 55 -3524
50 60 -2138
50 61 147
50 67 1157
50 68 -3639
50 71 1620
50 74 2099
50 87 2671
51 52 2772
51 54 1349
51 57 -3489
51 58 -2155
51 60 -5608
51 63 553
51 67 2106
51 69 3659
51 71 290
51 72 2416
51 79 -1630
51 80 1836
51 81 -750
51 82 -5944
51 83 -1991
51 84 -3458
51 86 -4873
51 92 -5630
51 93 2232
51 95 -125
51 96 1960
51 97 -4717
51 98 1513
52 56 3467
52 57 -4978
52 62 1279
52 65 3015
52 80 2193
52 82 -3285
52 88 -3632
52 92 -1088
52 93 -1528
52 98 221
52 100 -3437
53 55 -3181
53 59 845
53 63 1473
53 66 2482
53 67 -4348
53 72 2037
53 75 -764
53 76 -2250
53 81 1534
53 84 1069
53 85 -2789
53 87 -2465
53 97 -2763
53 99 -1723
54 55 1843
54 56 -3752
54 57 1857
54 59 1975
54 64 1384
54 77 688
54 83 191
54 88 -1932
54 90 427
54 93 -2622
54 94 -377
55 57 1969
55 70 1467
55 72 3091
55 74 3780
55 75 -5270
55 78 -5950
55 82 -5260
55 86 -3703
55 88 -116
55 89 -505
55 94 -1532
55 95 -145
55 97 -2156
55 98 2709
55 99 -3724
56 59 -957
56 63 -4994
56 65 2083
56 66 43
56 70 -304
56 75 2289
56 76 2113
56 80 -1619
56 81 -5357
56 82 -5586
56 83 -4742
56 96 -2813
57 60 -4612
57 70 -2036
57 71 1707
57 74 -1863
57 78 -3548
57 79 -440
57 82 -14
57 83 -4774
57 84 -3376
57 99 1564
57 100 -4011
58 59 1185
58 61 1310
58 66 267
58 68 154
58 70 -2718
58 76 -5246
58 79 601
58 80 -4831
58 88 3590
58 99 3340
59 63 912
59 64 -4324
59 66 -335
59 67 1117
59 68 3539
59 69 -3235
59 70 -1100
59 75 -4142
59 76 -4128
59 77 -4988
59 78 -5630
59 82 -4540
59 83 -204
59 86 -4573
59 89 880
59 91 -4875
59 92 -4587
59 99 1733
60 61 693
60 65 -918
60 66 -704
60 69 134
60 75 3732
60 79 962
60 81 3103
60 87 -4645
60 88 -1397
60 90 -1812
60 91 -4025
60 92 2973
60 93 2514
60 95 770
60 98 3819
61 62 -2441
61 65 3469
61 82 3283
61 92 910
61 94 1451
61 99 -4223
62 66 -4315
62 71 2272
62 73 -2216
62 75 1682
62 77 -3692
62 86 -1023
62 87 1202
62 88 3052
62 90 3675
62 91 -4867
62 93 1170
63 66 -1612
63 67 1580
63 75 -5581
63 76 -5323
63 77 1709
63 81 1114
63 82 -593
63 88 -2313
63 91 -694
63 95 2460
63 96 2798
63 99 99
64 71 148
64 73 -93
64 76 3239
64 77 -2146
64 96 3335
64 97 2824
65 69 1954
65 70 -2591
65 72 2600
65 73 -5866
65 93 -4148
65 96 -3830
66 76 -5737
66 81 1939
66 97 3775
66 100 -1228
67 70 -2777
67 78 -5857
67 79 -1080
67 87 2675
67 89 2237
67 97 -4302
68 70 3401
68 72 -5769
68 73 -4055
68 77 161
68 83 -3561
68 95 3261
69 71 -2360
69 81 -2007
69 92 -2705
69 98 -378
70 75 431
70 79 428
70 87 -2140
70 92 910
70 93 -2264
70 96 -4537
70 98 541
71 74 2382
71 75 -2280
71 78 -1157
71 81 2121
71 83 -738
71 92 -3823
71 95 2419
72 77 -659
72 78 -1083
72 81 2272
72 82 3585
72 83 -942
72 84 3312
72 92 2166
72 98 -1670
72 99 -4744
73 75 -3148
73 78 677
73 79 -2670
73 81 447
73 82 -3662
73 83 -2047
73 84 3202
73 86 3846
73 88 -4077
73 91 2866
73 92 800
73 93 3957
73 98 3562
74 79 -2702
74 87 -551
74 90 -2841
74 92 -4715
74 96 1185
75 84 516
75 89 3280
75 92 -4822
75 93 -3821
75 99 -4460
76 82 -5988
76 85 -5394
76 89 2156
76 94 -642
76 95 -4552
77 84 -2506
77 85 -2461
77 90 -3707
77 94 -1879
77 99 -5748
78 81 3851
78 87 2768
78 89 -5806
78 93 2149
79 81 1614
79 83 -1859
79 92 -1175
79 94 -3003
79 97 -2431
79 99 -2522
80 82 -956
80 89 -1043
80 92 -4860
80 96 -2033
80 97 -1380
81 91 -1531
81 94 951
81 96 2865
82 85 -5736
82 88 3119
82 90 -5082
82 93 2812
82 95 -4058
82 100 3365
83 86 -5753
83 89 -331
83 91 -947
83 93 1716
83 98 3350
84 85 -4305
84 87 -4995
84 90 -5276
84 92 -5019
84 94 36
84 98 2586
85 86 566
85 92 2411
85 94 -4959
85 100 319
86 87 -2284
86 88 -4039
86 89 3130
86 90 78
86 94 -2201
87 93 699
87 96 2993
87 98 2830
88 89 -4591
88 91 -3184
88 92 3163
88 98 -544
88 100 -332
89 99 3425
90 93 2844
90 95 -5406
90 96 -2841
90 98 3074
90 99 3328
91 92 -3301
91 94 -2551
91 98 -2963
92 94 3408
92 100 1776
93 94 -4934
94 95 -4721
94 97 3503
94 98 3471
95 96 -5753
95 100 3762
96 99 2611
97 100 2727
98 99 -100
