100 4200
1 2 5695
1 3 8914
1 4 5391
1 5 455
1 6 510
1 7 6708
1 8 412
1 9 806
1 10 6581
1 11 1093
1 13 8448
1 15 8510
1 16 8613
1 18 2544
1 19 4972
1 22 2873
1 23 3913
1 24 120
1 25 3974
1 26 9102
1 27 1943
1 28 1962
1 29 8
1 30 4216
1 31 2968
1 32 2912
1 34 6224
1 35 2587
1 36 8088
1 37 8561
1 39 883
1 41 975
1 42 630
1 45 5226
1 46 3982
1 47 534
1 48 4126
1 49 4309
1 50 8564
1 51 5212
1 52 6570
1 53 3092
1 55 4138
1 59 8960
1 60 9768
1 61 8460
1 62 2918
1 63 8907
1 64 1864
1 65 7200
1 66 212
1 67 9057
1 68 2055
1 69 3964
1 70 4287
1 71 42
1 73 2209
1 75 4125
1 76 4855
1 77 2360
1 79 7040
1 80 6315
1 82 3062
1 83 8016
1 84 1928
1 86 9613
1 88 6398
1 89 1974
1 90 3448
1 91 4883
1 92 3765
1 93 716
1 94 7758
1 95 8736
1 96 1270
1 97 5769
1 98 6167
1 99 6099
2 3 1723
2 4 8333
2 5 3990
2 7 9193
2 8 9404
2 10 -83
2 11 7118
2 12 5968
2 13 2037
2 14 3434
2 15 478
2 16 1679
2 17 6713
2 18 4322
2 19 6356
2 20 4536
2 21 8851
2 22 6634
2 24 1853
2 25 5154
2 26 7310
2 27 -101
2 28 6870
2 29 9039
2 30 417
2 31 4857
2 32 6205
2 33 613
2 35 2458
2 36 7486
2 37 456
2 38 -54
2 39 9791
2 41 948
2 42 4289
2 43 4536
2 44 8279
2 45 2983
2 46 2121
2 48 2139
2 49 7036
2 51 2443
2 52 3824
2 53 4856
2 54 7308
2 55 4286
2 56 789
2 57 3554
2 58 6487
2 59 6938
2 60 979
2 61 8415
2 63 7577
2 64 1722
2 65 7899
2 66 1372
2 67 7614
2 68 7707
2 70 3814
2 72 8105
2 74 9272
2 75 2225
2 76 9533
2 77 4766
2 78 2024
2 79 3394
2 80 8654
2 81 1214
2 82 5603
2 83 2404
2 84 5520
2 85 9228
2 86 6745
2 87 4221
2 88 850
2 90 9336
2 91 7195
2 92 6121
2 94 2968
2 95 6721
2 96 2696
2 97 7237
2 98 3738
2 99 6051
2 100 6457
3 4 5108
3 5 2790
3 6 4124
3 7 6929
3 8 240
3 9 5084
3 10 9186
3 12 8073
3 13 921
3 14 6238
3 15 6159
3 16 7313
3 17 4911
3 18 7515
3 19 1783
3 20 4761
3 21 5039
3 22 -12
3 23 1015
3 24 8924
3 25 1540
3 27 1910
3 28 3235
3 30 9377
3 31 5013
3 32 9453
3 33 1689
3 34 5848
3 35 8910
3 36 8217
3 37 314
3 38 3611
3 39 141
3 40 3185
3 41 3196
3 42 8600
3 43 1894
3 44 6824
3 45 7405
3 46 4272
3 47 3798
3 48 7529
3 49 6534
3 50 1591
3 51 2898
3 53 832
3 55 2140
3 57 551
3 58 7676
3 59 2080
3 60 7472
3 61 4902
3 62 3631
3 63 3429
3 64 6214
3 65 2916
3 66 5787
3 68 4277
3 69 3789
3 70 2694
3 71 1239
3 72 7594
3 73 7041
3 74 4628
3 75 862
3 77 2213
3 78 2212
3 79 6847
3 80 8606
3 81 -184
3 82 4518
3 83 8124
3 84 1711
3 85 8676
3 87 4795
3 88 2274
3 89 1340
3 90 9027
3 91 3874
3 92 7385
3 93 4062
3 94 3896
3 95 3421
3 96 5925
3 97 8568
3 98 4149
3 99 4448
3 100 9268
4 5 9716
4 6 5779
4 7 1883
4 8 5429
4 9 7783
4 10 2807
4 11 -161
4 12 3546
4 13 8670
4 14 5055
4 15 972
4 17 9723
4 18 845
4 19 3519
4 20 648
4 21 1078
4 23 7767
4 24 346
4 25 161
4 26 6410
4 27 2555
4 29 3373
4 30 4932
4 31 7329
4 33 9752
4 34 6301
4 35 8387
4 36 7086
4 37 4713
4 38 8164
4 40 9426
4 41 8953
4 42 4696
4 43 8348
4 44 5119
4 45 7057
4 46 919
4 47 2594
4 49 6668
4 50 6099
4 51 6704
4 52 5535
4 53 436
4 55 6696
4 56 753
4 57 303
4 58 4063
4 59 294
4 60 7448
4 61 5041
4 62 3320
4 63 2573
4 64 6990
4 65 5605
4 66 2252
4 67 9747
4 68 7684
4 69 7667
4 70 8152
4 71 146
4 72 3950
4 73 7894
4 74 5467
4 75 2029
4 76 3997
4 77 4210
4 78 8729
4 79 4573
4 80 4436
4 81 7937
4 83 9524
4 84 5258
4 85 4189
4 86 5192
4 87 6604
4 88 6479
4 89 42
4 90 7880
4 91 1389
4 92 8113
4 93 2986
4 95 4394
4 97 7695
4 98 5425
4 99 2486
4 100 6644
5 6 3291
5 7 5565
5 8 3821
5 9 6100
5 10 5879
5 11 4487
5 12 4685
5 13 7070
5 14 3476
5 15 3663
5 16 8000
5 18 1493
5 19 9401
5 20 4520
5 21 7257
5 22 9424
5 23 8918
5 24 897
5 25 765
5 26 2520
5 27 4639
5 28 1722
5 29 9106
5 30 3035
5 31 3506
5 33 3239
5 34 9379
5 35 1917
5 37 8123
5 38 8176
5 40 8469
5 41 7712
5 42 5428
5 43 1245
5 44 8792
5 45 2797
5 46 8308
5 47 8381
5 48 138
5 50 3557
5 51 8237
5 52 9028
5 53 8085
5 55 -73
5 56 522
5 57 9701
5 60 6747
5 61 7502
5 62 9191
5 63 8870
5 66 2574
5 68 4658
5 69 219
5 70 6864
5 72 8690
5 74 2641
5 75 6974
5 76 1855
5 77 3165
5 78 1878
5 79 5167
5 80 7923
5 81 136
5 82 3719
5 83 6901
5 84 6896
5 85 844
5 86 8765
5 87 9780
5 88 804
5 89 9354
5 90 7554
5 91 7631
5 92 730
5 93 872
5 95 3000
5 96 1927
5 97 9451
5 98 1349
5 99 849
5 100 7234
6 7 9401
6 8 2730
6 9 2668
6 11 5777
6 12 1259
6 14 1163
6 15 9712
6 16 3187
6 17 5884
6 19 7767
6 23 614
6 25 9369
6 27 3546
6 28 8389
6 29 699
6 30 -97
6 31 9041
6 32 9240
6 33 9567
6 34 8557
6 35 2637
6 37 525
6 38 930
6 39 9380
6 40 3380
6 41 9498
6 42 2097
6 43 8487
6 44 4366
6 45 6500
6 46 698
6 47 5221
6 48 3968
6 50 1057
6 51 907
6 52 975
6 53 2238
6 54 1895
6 55 8582
6 56 5154
6 58 9154
6 59 7696
6 60 3527
6 61 200
6 62 1012
6 63 4130
6 64 5384
6 65 9104
6 66 9217
6 67 3659
6 68 6191
6 69 8530
6 72 1719
6 73 2908
6 74 1064
6 75 5038
6 76 574
6 77 618
6 79 2196
6 80 5094
6 81 8152
6 82 3925
6 83 3187
6 84 1166
6 85 7456
6 86 9375
6 88 3958
6 89 921
6 90 1903
6 92 6655
6 94 3733
6 95 3342
6 97 529
6 98 6902
6 99 89
7 8 5652
7 9 2378
7 10 3067
7 11 7471
7 13 7617
7 14 2082
7 15 4946
7 16 5806
7 17 9652
7 18 2789
7 19 3330
7 20 8062
7 21 9583
7 22 9055
7 23 2640
7 24 1579
7 25 2080
7 26 4758
7 27 5861
7 28 8003
7 29 6784
7 31 7611
7 32 4002
7 33 1166
7 35 4561
7 36 2273
7 37 5670
7 38 6203
7 39 6438
7 40 3293
7 41 -95
7 42 1724
7 43 3029
7 44 5425
7 45 6322
7 46 5652
7 47 618
7 48 9659
7 49 8398
7 50 5046
7 52 7013
7 53 294
7 54 6762
7 55 8839
7 56 4338
7 57 2401
7 58 8905
7 59 762
7 60 8481
7 61 2760
7 62 3204
7 63 7261
7 64 1915
7 65 8996
7 66 8956
7 67 8765
7 68 7318
7 70 7668
7 71 7632
7 72 1559
7 73 1787
7 74 7321
7 75 6889
7 76 5677
7 77 8666
7 78 4394
7 79 273
7 80 5957
7 81 469
7 82 6954
7 83 7542
7 84 6098
7 86 3394
7 87 1156
7 88 9392
7 89 -172
7 92 4044
7 93 623
7 94 157
7 95 6704
7 96 7225
7 97 6866
7 98 9776
7 99 2727
7 100 6234
8 9 7014
8 10 7929
8 11 4614
8 12 9728
8 13 5865
8 14 3927
8 16 3895
8 17 7940
8 18 7996
8 20 5070
8 21 4971
8 22 6992
8 23 4973
8 24 3135
8 25 8728
8 26 7438
8 27 4016
8 29 3309
8 34 5765
8 35 1660
8 36 3536
8 37 2589
8 38 7651
8 39 168
8 40 6373
8 41 3912
8 42 6632
8 43 6159
8 44 6458
8 46 5112
8 47 1038
8 48 9159
8 50 5113
8 51 8249
8 52 6124
8 53 3549
8 56 4883
8 57 8893
8 58 551
8 60 1254
8 61 3560
8 62 1733
8 63 8290
8 64 1049
8 65 7672
8 66 816
8 68 721
8 69 6612
8 70 8384
8 71 7277
8 72 9244
8 73 5494
8 74 4760
8 75 1941
8 76 -191
8 77 8227
8 78 3580
8 79 5980
8 80 9092
8 81 4874
8 82 9589
8 83 2115
8 84 2921
8 85 5001
8 86 2956
8 87 447
8 88 9521
8 89 6673
8 90 8546
8 91 6563
8 92 651
8 93 4530
8 95 8183
8 97 7819
8 98 4517
8 99 9417
8 100 749
9 10 7588
9 11 1142
9 12 6547
9 13 9532
9 14 5523
9 15 -64
9 16 3779
9 17 2083
9 19 925
9 20 9447
9 22 8855
9 23 6392
9 26 2737
9 27 6713
9 28 9639
9 29 5837
9 30 8446
9 31 9474
9 34 9144
9 35 2977
9 36 8252
9 37 858
9 38 4936
9 40 206
9 41 5885
9 42 1363
9 43 7148
9 44 4801
9 45 1869
9 46 400
9 47 7206
9 49 8118
9 50 832
9 51 6808
9 53 4569
9 54 3206
9 55 653
9 56 826
9 57 9531
9 60 1025
9 61 1814
9 62 3130
9 65 5869
9 67 3956
9 68 8356
9 69 1469
9 70 3664
9 71 1096
9 72 6765
9 73 5387
9 74 5472
9 75 2860
9 76 5635
9 77 3627
9 78 6018
9 79 433
9 80 8589
9 81 7195
9 83 4316
9 84 2799
9 85 5587
9 86 41
9 87 719
9 88 6289
9 89 5136
9 91 7859
9 93 7670
9 94 6324
9 95 4739
9 96 2403
9 97 1147
9 98 3426
9 99 6933
10 11 9672
10 12 6826
10 14 4248
10 15 7984
10 16 4256
10 17 7416
10 18 1304
10 19 3607
10 20 295
10 21 2196
10 22 1000
10 23 8630
10 24 858
10 26 5970
10 27 4647
10 28 8737
10 29 8256
10 30 4638
10 31 4031
10 32 7066
10 33 2460
10 34 6825
10 35 5981
10 36 7336
10 37 1456
10 38 9227
10 39 8992
10 40 3580
10 41 4139
10 42 3088
10 44 8018
10 45 6437
10 46 3861
10 47 6549
10 48 4434
10 49 3878
10 50 4327
10 51 9019
10 52 5361
10 53 2637
10 54 2946
10 55 3938
10 56 9656
10 57 4192
10 58 7441
10 61 8159
10 62 1177
10 65 7471
10 66 6036
10 67 468
10 68 1564
10 70 8403
10 71 5266
10 73 7435
10 74 8478
10 75 5598
10 76 9492
10 77 6616
10 78 301
10 79 8098
10 82 5851
10 83 2254
10 84 2917
10 85 9591
10 87 9775
10 88 8651
10 89 4137
10 90 7418
10 91 9051
10 92 7015
10 93 9330
10 94 2370
10 95 5696
10 96 6893
10 98 3671
10 99 7619
10 100 5254
11 12 7507
11 13 2147
11 14 9260
11 15 8460
11 17 6942
11 18 357
11 19 1980
11 20 5405
11 21 6434
11 23 3505
11 24 9060
11 25 269
11 26 8286
11 27 8972
11 28 1464
11 29 5488
11 30 380
11 31 5447
11 32 1122
11 33 2190
11 34 1543
11 35 9722
11 36 5650
11 37 4676
11 38 2699
11 39 2440
11 40 5291
11 41 8351
11 42 1702
11 43 6295
11 44 8476
11 45 2469
11 46 676
11 47 2139
11 48 8538
11 49 9694
11 50 959
11 51 340
11 52 2433
11 53 2993
11 55 6133
11 57 27
11 59 -76
11 61 622
11 62 3802
11 63 6553
11 64 7311
11 65 2203
11 66 2854
11 67 9254
11 68 -178
11 69 3909
11 70 6516
11 71 1772
11 72 -75
11 73 2125
11 74 1439
11 75 4268
11 77 3181
11 78 -37
11 79 9591
11 82 563
11 83 5462
11 84 1743
11 86 9024
11 87 6984
11 89 -118
11 90 8607
11 91 136
11 92 364
11 93 150
11 94 75
11 95 3200
11 96 3500
11 97 9671
11 98 1085
11 99 4118
11 100 9640
12 13 4929
12 14 3804
12 15 1896
12 16 2490
12 18 3051
12 19 3256
12 20 9304
12 21 9756
12 22 3302
12 23 9057
12 25 3606
12 26 8628
12 27 6319
12 28 1910
12 30 6806
12 32 7258
12 33 8875
12 34 8418
12 35 5398
12 37 926
12 38 8134
12 39 3760
12 40 6115
12 41 7729
12 42 3460
12 43 5308
12 44 704
12 46 8219
12 47 319
12 48 5128
12 49 9745
12 50 1452
12 51 3296
12 52 3086
12 53 1072
12 56 1567
12 59 3387
12 60 198
12 61 112
12 62 3097
12 63 6946
12 64 210
12 66 4300
12 67 9287
12 68 12
12 71 3758
12 72 4371
12 73 6470
12 74 6485
12 75 5155
12 76 6163
12 77 7785
12 78 212
12 79 2257
12 80 7144
12 81 9194
12 83 7004
12 84 4086
12 85 6153
12 86 1141
12 87 7836
12 88 2116
12 89 7167
12 90 9366
12 91 168
12 92 4200
12 93 4213
12 94 7714
12 95 5702
12 96 4170
12 97 3404
12 99 7936
12 100 7044
13 14 7444
13 15 8969
13 16 2508
13 17 8117
13 18 2629
13 19 3693
13 22 865
13 23 357
13 24 743
13 25 3333
13 26 8643
13 27 4550
13 28 3602
13 29 9124
13 30 5374
13 31 2381
13 32 7818
13 33 8588
13 34 5749
13 35 -178
13 38 235
13 39 1154
13 40 5582
13 43 8009
13 44 5221
13 45 1508
13 46 7044
13 48 986
13 49 2299
13 50 6568
13 51 9461
13 52 5990
13 53 7584
13 57 7888
13 58 111
13 59 2241
13 60 5675
13 61 2364
13 62 3052
13 63 3449
13 64 9167
13 65 6047
13 66 2349
13 68 4592
13 69 9395
13 71 4043
13 72 7580
13 73 5244
13 75 1763
13 76 7067
13 79 1345
13 80 255
13 83 3837
13 85 7336
13 86 9355
13 87 7350
13 88 791
13 89 5916
13 90 2555
13 91 8791
13 92 8300
13 93 8767
13 94 257
13 95 7225
13 96 1931
13 97 9603
13 98 1706
13 99 1266
13 100 8952
14 16 952
14 18 7958
14 19 4096
14 20 8393
14 21 7429
14 22 7390
14 23 8243
14 24 8842
14 25 5302
14 26 7377
14 27 3035
14 28 2780
14 29 1988
14 30 1421
14 31 9263
14 32 177
14 33 5205
14 34 4786
14 35 7519
14 36 6823
14 37 7530
14 38 1426
14 40 5798
14 42 8672
14 43 7338
14 44 9727
14 45 1653
14 46 9042
14 47 6826
14 48 8027
14 49 8548
14 50 2571
14 51 2568
14 52 7617
14 53 8374
14 54 8248
14 56 5729
14 57 4492
14 58 -18
14 59 6529
14 60 3124
14 61 7963
14 62 4468
14 63 2894
14 64 7059
14 65 1998
14 67 134
14 68 5045
14 69 4626
14 70 5879
14 71 5344
14 72 922
14 73 659
14 74 7092
14 75 6711
14 78 3183
14 79 857
14 80 8165
14 82 1256
14 83 1178
14 85 4175
14 87 5432
14 91 -46
14 92 1831
14 93 6349
14 94 8223
14 95 8594
14 96 2753
14 97 3578
14 98 3640
14 99 8291
14 100 2727
15 16 3579
15 17 -126
15 18 7494
15 19 7757
15 20 1547
15 21 648
15 22 2010
15 23 9356
15 24 -191
15 25 3243
15 27 5170
15 28 8294
15 29 2561
15 30 7078
15 31 2823
15 32 2665
15 33 1205
15 34 3740
15 35 2165
15 36 6545
15 37 2513
15 38 14
15 41 6073
15 42 7725
15 43 2586
15 44 8166
15 45 3155
15 46 2399
15 47 7498
15 48 4243
15 50 2995
15 51 4908
15 52 8289
15 54 8075
15 55 1210
15 57 3155
15 58 4422
15 59 1431
15 60 3316
15 61 3556
15 62 607
15 63 2921
15 64 5880
15 65 2881
15 66 3656
15 67 5255
15 68 9161
15 69 5551
15 71 0
15 72 -112
15 73 1850
15 75 3525
15 76 3372
15 77 7402
15 78 4444
15 79 5260
15 80 7803
15 81 5436
15 82 4378
15 83 1361
15 84 5337
15 85 1354
15 86 8282
15 87 7866
15 88 1695
15 89 9762
15 91 2209
15 92 2783
15 93 7570
15 94 9787
15 95 -147
15 96 8160
15 97 2465
15 99 2091
15 100 943
16 17 30
16 18 6470
16 21 1193
16 22 9273
16 24 6431
16 25 6419
16 26 9331
16 27 1948
16 28 713
16 29 3850
16 30 1147
16 31 6703
16 32 7009
16 33 6952
16 34 3450
16 38 7443
16 39 7222
16 40 1247
16 41 5887
16 42 9419
16 43 4855
16 44 7151
16 45 7873
16 46 7900
16 47 6272
16 50 8972
16 51 7012
16 52 8825
16 53 117
16 56 4674
16 57 786
16 58 8729
16 59 2235
16 60 6061
16 61 744
16 62 6644
16 63 4867
16 64 1905
16 65 8461
16 66 8546
16 67 7827
16 69 6975
16 70 8299
16 71 5007
16 72 435
16 73 2400
16 74 6535
16 75 9438
16 76 9494
16 77 9427
16 78 755
16 79 9544
16 80 947
16 81 4616
16 82 335
16 83 7058
16 85 2842
16 86 1808
16 87 4904
16 88 5072
16 89 8234
16 92 6641
16 93 7682
16 95 6183
16 96 1888
16 97 6913
16 98 64
16 99 8740
16 100 1619
17 18 6356
17 19 8790
17 20 3191
17 22 2114
17 23 3375
17 24 6251
17 25 3835
17 26 2389
17 27 1528
17 28 7319
17 29 2036
17 31 7162
17 32 4782
17 33 8545
17 35 739
17 36 2282
17 37 4300
17 38 7600
17 39 3911
17 41 8947
17 43 7312
17 44 1842
17 46 5452
17 47 4780
17 49 8998
17 51 7390
17 53 357
17 54 5590
17 56 3091
17 57 6015
17 58 5991
17 60 7191
17 61 7005
17 63 6687
17 64 4047
17 65 8928
17 66 7326
17 67 2609
17 68 1095
17 69 1115
17 70 4710
17 71 -67
17 72 8679
17 73 5780
17 75 1337
17 76 3222
17 78 66
17 79 438
17 80 6719
17 81 7784
17 82 9761
17 83 9129
17 84 6677
17 85 8499
17 86 8929
17 87 714
17 88 1643
17 89 8705
17 90 4942
17 92 4173
17 93 6707
17 94 1447
17 95 4081
17 96 1259
17 97 4019
17 98 2121
17 99 6621
17 100 7006
18 19 7174
18 20 6679
18 21 5594
18 22 3274
18 24 1960
18 25 109
18 26 6917
18 27 732
18 28 973
18 30 2532
18 31 4664
18 33 289
18 34 7998
18 35 6054
18 36 8132
18 37 2433
18 38 4542
18 39 2855
18 40 263
18 41 9028
18 44 2806
18 45 3283
18 46 2682
18 47 -151
18 48 5560
18 49 9543
18 52 6681
18 54 8774
18 55 5717
18 56 3512
18 57 8223
18 58 2738
18 59 336
18 61 905
18 62 2323
18 63 7122
18 64 7213
18 65 264
18 66 3247
18 67 6459
18 68 9224
18 69 3558
18 70 247
18 71 9758
18 72 8514
18 73 5027
18 74 7098
18 75 5526
18 76 5097
18 77 2514
18 79 3917
18 80 -115
18 81 8968
18 82 924
18 83 3119
18 84 8900
18 85 1250
18 86 5593
18 88 6019
18 90 1106
18 91 2957
18 92 7563
18 93 7376
18 94 3816
18 95 6404
18 96 6204
18 97 2972
18 99 8793
18 100 9480
19 20 280
19 21 -6
19 23 1189
19 24 7065
19 26 9062
19 27 8814
19 28 2507
19 29 4126
19 30 2099
19 31 9067
19 32 7926
19 33 5557
19 34 1881
19 35 5383
19 36 1381
19 38 8537
19 39 3851
19 42 6425
19 43 4842
19 46 1861
19 47 2471
19 48 4096
19 49 4265
19 52 3559
19 53 4811
19 55 2968
19 56 6761
19 57 8849
19 58 6164
19 59 7753
19 61 8067
19 62 1933
19 63 1192
19 64 3579
19 65 540
19 66 1808
19 67 3211
19 68 912
19 69 8464
19 70 163
19 71 7843
19 72 -193
19 73 4108
19 74 8683
19 75 4792
19 76 8924
19 77 4118
19 78 2578
19 79 9387
19 80 2230
19 81 6452
19 82 2980
19 83 3510
19 84 2657
19 85 4745
19 88 5681
19 90 9253
19 91 1955
19 92 -143
19 93 4287
19 94 1103
19 95 7771
19 96 22
19 97 5665
19 100 736
20 21 6756
20 22 930
20 23 7285
20 24 165
20 25 7963
20 26 4097
20 27 3525
20 28 3006
20 29 7277
20 30 2071
20 32 -113
20 33 7222
20 34 4081
20 35 3736
20 36 5453
20 37 -182
20 38 9549
20 39 3268
20 40 9682
20 41 6025
20 42 6077
20 43 756
20 44 41
20 45 6466
20 46 7863
20 47 579
20 48 641
20 49 7487
20 50 1143
20 52 73
20 53 6927
20 54 4374
20 55 392
20 56 6105
20 57 8078
20 58 3692
20 59 5978
20 61 8908
20 62 4598
20 63 7090
20 64 3333
20 65 7422
20 67 3818
20 68 1519
20 69 1614
20 70 7488
20 71 7614
20 72 4290
20 73 9373
20 74 4528
20 75 398
20 76 2337
20 77 7006
20 78 8521
20 79 881
20 80 1943
20 81 3047
20 82 3861
20 83 626
20 84 7147
20 85 5418
20 86 3946
20 87 6143
20 88 4513
20 89 4511
20 90 3723
20 92 3310
20 93 5021
20 94 8426
20 95 -115
20 97 897
20 98 7055
20 100 5207
21 22 3601
21 24 1130
21 25 5776
21 26 2
21 27 5605
21 28 1576
21 30 8612
21 31 5062
21 32 7107
21 33 4391
21 34 4337
21 35 2766
21 36 9437
21 37 9474
21 38 1072
21 39 1992
21 40 8153
21 41 6775
21 43 8064
21 44 3217
21 45 7813
21 46 3576
21 47 146
21 48 5484
21 49 2442
21 50 1463
21 51 8392
21 53 7394
21 54 4993
21 55 1685
21 56 3769
21 57 3353
21 58 2127
21 59 401
21 60 2408
21 61 873
21 62 7133
21 63 4191
21 64 2182
21 65 9512
21 66 4661
21 67 3891
21 68 5458
21 69 7802
21 71 2946
21 72 1041
21 74 3267
21 75 1924
21 76 4377
21 77 4825
21 79 5032
21 80 3649
21 81 6006
21 82 2227
21 84 5680
21 85 9104
21 86 3096
21 87 7552
21 88 8184
21 89 2648
21 90 8345
21 92 6931
21 93 7307
21 94 6877
21 95 4268
21 96 6022
21 97 2135
21 98 8029
21 99 182
21 100 31
22 23 5159
22 24 3123
22 25 6941
22 26 9016
22 27 6558
22 29 8196
22 30 8484
22 31 4693
22 32 7274
22 33 6075
22 34 1359
22 35 7689
22 36 6090
22 37 8564
22 38 6650
22 40 8817
22 41 1042
22 42 9181
22 43 7691
22 45 5080
22 47 1666
22 48 8058
22 49 7163
22 51 381
22 53 5570
22 54 2255
22 55 1184
22 57 1673
22 58 2665
22 59 7265
22 60 933
22 61 6785
22 62 3863
22 64 6118
22 65 434
22 66 -121
22 69 2712
22 70 9007
22 71 1404
22 72 7756
22 73 6652
22 74 8678
22 75 813
22 76 6609
22 77 2663
22 78 6053
22 79 8694
22 81 2906
22 82 630
22 84 7424
22 85 754
22 86 6717
22 87 4432
22 88 3531
22 90 172
22 91 -130
22 92 307
22 93 4719
22 94 9445
22 95 6528
22 96 6565
22 97 1098
22 98 4990
22 99 5593
23 24 7499
23 25 162
23 26 2554
23 27 7473
23 28 3112
23 29 4887
23 30 4386
23 33 6156
23 34 2517
23 35 6997
23 36 5655
23 37 8440
23 38 4207
23 39 6719
23 40 453
23 41 3832
23 42 7606
23 43 8564
23 44 2352
23 46 4207
23 47 1129
23 48 9377
23 49 2222
23 51 2824
23 52 6378
23 53 1039
23 55 7274
23 56 4444
23 57 6129
23 58 7038
23 59 5651
23 60 8083
23 61 9133
23 62 497
23 63 9115
23 64 7571
23 65 689
23 67 7258
23 68 776
23 69 6430
23 70 5969
23 71 4552
23 72 5100
23 73 5362
23 74 2643
23 76 2778
23 77 1464
23 78 5705
23 79 7071
23 80 2202
23 81 8305
23 82 5798
23 83 9745
23 84 8383
23 85 515
23 86 2611
23 87 7165
23 88 1922
23 89 4816
23 90 1662
23 91 2647
23 92 6344
23 93 5033
23 94 9346
23 95 7483
23 96 7216
23 97 1999
23 99 7138
24 25 1023
24 26 7974
24 27 7496
24 28 7774
24 30 -145
24 31 4339
24 32 8787
24 33 8559
24 34 9060
24 35 4133
24 36 2739
24 37 6540
24 38 7757
24 39 3418
24 40 2557
24 41 8591
24 42 4664
24 43 -74
24 44 7708
24 45 -60
24 46 9116
24 47 6531
24 48 5753
24 49 1681
24 50 630
24 51 976
24 52 7114
24 53 8356
24 54 7973
24 55 1974
24 56 3968
24 57 4015
24 58 1606
24 59 6576
24 60 9467
24 61 4808
24 62 8585
24 63 6261
24 64 2941
24 65 4927
24 66 7241
24 67 2751
24 68 4563
24 69 9389
24 70 4265
24 71 7573
24 72 6047
24 73 2960
24 74 5410
24 75 7817
24 78 1823
24 79 880
24 81 8119
24 82 9091
24 84 3181
24 85 863
24 86 163
24 87 4750
24 88 3453
24 89 2186
24 90 7493
24 91 9177
24 92 4799
24 93 1492
24 94 3029
24 95 7719
24 96 6622
24 97 3130
24 99 5084
25 26 5777
25 27 5537
25 28 6505
25 29 4160
25 31 245
25 32 9651
25 33 3088
25 34 1907
25 35 8459
25 36 9158
25 37 9093
25 38 7899
25 39 6905
25 41 787
25 43 6126
25 44 9619
25 45 8
25 46 2171
25 47 7459
25 48 4211
25 49 1786
25 50 98
25 51 5650
25 53 2380
25 54 -71
25 55 9730
25 56 6020
25 57 7597
25 58 3343
25 59 4901
25 60 2944
25 61 4804
25 62 4593
25 65 6795
25 66 1882
25 67 317
25 69 8614
25 71 6846
25 72 6027
25 74 1147
25 75 2802
25 76 9695
25 78 2804
25 79 3118
25 80 1453
25 81 3564
25 82 2887
25 83 4378
25 84 7594
25 85 5954
25 88 5775
25 89 -181
25 90 202
25 92 7206
25 93 5845
25 94 2893
25 95 7054
25 96 1500
25 97 3163
25 99 6618
25 100 5753
26 27 5243
26 28 1850
26 29 9419
26 30 4317
26 31 2506
26 32 1267
26 33 3870
26 34 2325
26 35 576
26 36 5118
26 37 -60
26 38 9556
26 39 4582
26 40 8288
26 41 7566
26 42 8831
26 43 1589
26 44 5043
26 45 5111
26 46 9439
26 47 2505
26 48 9512
26 49 9594
26 51 -80
26 52 2326
26 53 4745
26 55 8247
26 56 4674
26 57 1299
26 58 7138
26 60 2429
26 62 1537
26 63 -160
26 64 3405
26 65 606
26 68 9501
26 69 2352
26 70 2310
26 71 7090
26 72 5618
26 73 1803
26 74 9735
26 75 6158
26 76 4853
26 77 2083
26 78 3381
26 79 1692
26 80 6414
26 81 3462
26 82 6763
26 83 9294
26 84 8907
26 85 8390
26 87 1355
26 89 8803
26 91 8263
26 92 1658
26 94 6987
26 95 8262
26 96 2647
26 97 9218
26 98 6528
26 99 908
26 100 8452
27 28 56
27 29 3184
27 30 9031
27 31 2283
27 32 371
27 33 6782
27 34 5864
27 35 2363
27 36 1453
27 38 1469
27 39 6665
27 40 686
27 41 5446
27 42 3261
27 44 5876
27 45 4101
27 46 1751
27 47 6005
27 48 3614
27 49 1022
27 50 2711
27 51 4273
27 53 8330
27 54 644
27 55 9389
27 56 4167
27 57 6681
27 58 2985
27 59 1062
27 60 6619
27 61 2004
27 63 8192
27 64 7879
27 65 3562
27 66 2083
27 67 2659
27 68 6282
27 69 7628
27 70 9215
27 71 105
27 72 1260
27 73 1014
27 74 1921
27 75 1311
27 76 2476
27 77 4808
27 78 9547
27 79 8043
27 80 6742
27 81 2045
27 84 8832
27 85 9007
27 86 2348
27 87 -83
27 89 3463
27 90 2459
27 91 6764
27 92 5585
27 93 3434
27 94 8580
27 95 716
27 96 8258
27 97 5415
27 98 6655
27 99 3561
27 100 5333
28 30 7747
28 31 3622
28 32 87
28 33 2071
28 35 682
28 36 6958
28 37 3311
28 38 7954
28 39 3161
28 40 7622
28 42 1775
28 43 -117
28 44 776
28 45 2448
28 46 6350
28 47 965
28 49 8705
28 50 8
28 51 8841
28 53 5595
28 54 9024
28 55 -64
28 56 1110
28 57 1803
28 58 3189
28 59 5030
28 60 4655
28 61 6699
28 62 308
28 64 1177
28 65 1980
28 66 9632
28 67 4279
28 68 9264
28 69 8206
28 70 9565
28 72 1408
28 73 1479
28 74 5261
28 75 6676
28 76 944
28 77 464
28 78 7682
28 79 8183
28 80 1544
28 81 5388
28 83 775
28 84 155
28 85 7322
28 86 3736
28 88 4612
28 89 3192
28 91 6690
28 92 4048
28 93 9618
28 94 7566
28 95 3634
28 96 5207
28 97 7202
28 98 360
28 99 6945
28 100 9167
29 30 2152
29 31 4025
29 32 2904
29 33 1998
29 34 6379
29 35 9332
29 36 6868
29 37 3281
29 38 1801
29 39 9213
29 40 4795
29 41 5123
29 42 9458
29 43 718
29 44 5162
29 45 2595
29 46 1941
29 47 7332
29 48 7425
29 49 2566
29 50 6337
29 51 5112
29 52 3201
29 53 3078
29 54 7869
29 55 5805
29 56 7176
29 57 6939
29 58 1318
29 59 2931
29 60 4793
29 61 3046
29 62 9609
29 63 9303
29 64 7671
29 65 3867
29 66 6810
29 67 2748
29 68 8252
29 70 1781
29 71 3170
29 72 9464
29 73 4862
29 75 9224
29 76 7570
29 77 8483
29 78 7407
29 79 4752
29 80 5788
29 81 -76
29 82 1210
29 83 6073
29 84 2078
29 86 995
29 88 6393
29 89 2452
29 90 5728
29 91 3624
29 92 9271
29 93 9550
29 94 4943
29 95 3588
29 96 5489
29 97 7985
29 98 3439
29 99 2663
29 100 8131
30 31 8923
30 32 7749
30 33 4510
30 34 456
30 35 7197
30 36 9019
30 37 8092
30 38 1523
30 39 1468
30 40 8411
30 41 2869
30 42 1908
30 43 5055
30 44 1767
30 45 2875
30 46 9782
30 47 2629
30 48 3641
30 49 9100
30 50 7963
30 52 4757
30 53 5032
30 54 7339
30 55 2999
30 56 5
30 57 6875
30 58 7033
30 59 1452
30 62 2270
30 63 7169
30 64 5399
30 66 512
30 68 7635
30 69 4984
30 70 3292
30 71 5201
30 72 1788
30 73 7219
30 74 2767
30 75 6765
30 76 7400
30 77 6965
30 78 2858
30 79 4559
30 80 5728
30 81 1106
30 82 330
30 83 1862
30 84 9571
30 86 2201
30 87 2553
30 88 9404
30 89 5611
30 90 4164
30 91 4597
30 92 7076
30 94 8807
30 95 1716
30 96 774
30 97 -44
30 98 1048
30 99 7929
31 32 378
31 33 4250
31 34 4190
31 36 5403
31 37 1111
31 38 8732
31 39 995
31 41 8284
31 43 6890
31 44 3391
31 45 697
31 46 1184
31 47 411
31 49 1816
31 50 3550
31 52 80
31 54 4248
31 55 705
31 56 44
31 58 1652
31 59 9644
31 60 8212
31 61 5321
31 62 8517
31 65 9166
31 66 2735
31 68 172
31 69 9099
31 70 35
31 71 8438
31 72 4960
31 73 2979
31 74 -152
31 75 8624
31 76 397
31 77 7520
31 78 7154
31 79 768
31 80 5502
31 81 5550
31 82 9694
31 83 5559
31 84 2093
31 85 7542
31 86 5409
31 87 5056
31 88 1661
31 89 9339
31 90 2769
31 91 8923
31 92 8615
31 93 1053
31 94 3094
31 95 9211
31 96 2811
31 97 9236
31 98 4395
31 99 5009
31 100 9077
32 33 8291
32 34 7358
32 37 9148
32 38 8031
32 39 2136
32 40 4714
32 42 4322
32 43 1269
32 44 4855
32 45 4892
32 46 7167
32 47 5361
32 48 3162
32 49 7328
32 50 5538
32 51 457
32 52 4704
32 53 3048
32 54 7736
32 55 92
32 56 6936
32 57 8690
32 58 9313
32 59 6796
32 60 9588
32 61 8690
32 62 2531
32 63 5385
32 64 8134
32 65 3929
32 66 5444
32 67 5579
32 69 6274
32 70 8388
32 71 4139
32 72 6242
32 73 3646
32 74 3138
32 75 9179
32 76 6862
32 77 1442
32 78 4659
32 79 5317
32 80 4433
32 81 1792
32 82 7912
32 83 2320
32 85 2027
32 86 8139
32 87 5813
32 88 398
32 89 1508
32 90 7908
32 91 7756
32 92 4087
32 93 5655
32 94 9091
32 96 8767
32 97 3491
32 99 7899
32 100 3706
33 34 7361
33 35 6947
33 36 2816
33 38 9596
33 39 226
33 42 2537
33 43 3109
33 44 226
33 45 5083
33 46 5997
33 47 6794
33 48 757
33 49 7349
33 50 8538
33 51 391
33 52 3391
33 54 6044
33 55 1580
33 56 2688
33 57 -5
33 58 7046
33 59 7817
33 61 3194
33 62 4907
33 63 4460
33 64 3383
33 65 4597
33 66 159
33 67 1829
33 69 9599
33 70 3060
33 71 4790
33 73 5869
33 74 8275
33 75 1744
33 76 2961
33 77 7663
33 78 8440
33 79 8972
33 80 5543
33 81 7221
33 82 6484
33 83 3545
33 84 9543
33 85 2517
33 86 6952
33 87 4284
33 88 -173
33 89 8218
33 91 3032
33 92 7434
33 94 6886
33 95 235
33 98 3111
33 99 -197
33 100 372
34 35 5609
34 36 3228
34 37 3804
34 38 9604
34 39 7951
34 40 7190
34 41 5795
34 42 5736
34 43 33
34 44 3871
34 45 1911
34 46 5026
34 47 7155
34 48 4917
34 49 972
34 50 5542
34 51 7057
34 52 480
34 53 9559
34 54 9785
34 55 3117
34 56 5695
34 57 751
34 58 2765
34 59 218
34 60 4993
34 61 1333
34 62 7313
34 63 2051
34 64 3622
34 65 148
34 66 8584
34 67 2169
34 68 2897
34 69 7165
34 70 2695
34 71 8738
34 72 2921
34 75 4493
34 76 9700
34 78 2594
34 79 5638
34 80 5796
34 82 4078
34 83 717
34 84 1104
34 85 2199
34 86 208
34 88 8117
34 89 3824
34 90 9269
34 91 6362
34 93 3818
34 94 7824
34 95 7438
34 97 5577
34 98 4884
34 100 4762
35 36 992
35 37 6619
35 38 8074
35 40 668
35 43 291
35 44 5530
35 45 1840
35 46 6773
35 47 8164
35 48 4784
35 49 2243
35 50 3992
35 52 5688
35 53 3573
35 55 9277
35 56 6657
35 57 5924
35 59 6776
35 60 4112
35 61 3685
35 62 1670
35 63 5475
35 65 8917
35 66 6123
35 67 838
35 68 3111
35 69 7811
35 70 7273
35 71 2431
35 72 700
35 73 8310
35 74 7112
35 75 5243
35 77 956
35 78 3933
35 79 8962
35 80 9554
35 81 5497
35 82 1961
35 83 5349
35 84 2607
35 85 1829
35 86 128
35 88 1169
35 89 8587
35 90 8888
35 92 3267
35 95 1797
35 97 1698
35 98 3507
35 99 535
35 100 8030
36 37 5335
36 38 2655
36 39 4260
36 40 4450
36 41 8649
36 42 4052
36 43 769
36 44 2329
36 45 2220
36 46 2473
36 47 5579
36 48 1629
36 49 2824
36 50 6590
36 52 7968
36 53 4542
36 54 2114
36 55 8987
36 56 3674
36 57 9683
36 58 2445
36 59 8256
36 60 9188
36 62 7609
36 63 745
36 64 7893
36 65 8437
36 66 2728
36 67 1740
36 70 3818
36 71 3466
36 72 1760
36 73 114
36 74 74
36 75 7553
36 76 5779
36 77 6819
36 79 5577
36 80 2216
36 81 7478
36 82 6697
36 83 914
36 85 3854
36 86 3395
36 87 8177
36 88 8714
36 89 8090
36 90 8824
36 91 9053
36 92 3904
36 93 5800
36 94 5286
36 96 1554
36 97 921
36 98 3551
36 99 4493
36 100 7416
37 38 4973
37 40 6013
37 41 3369
37 42 1820
37 43 4082
37 44 5413
37 45 7835
37 46 1849
37 47 3949
37 49 -126
37 50 2851
37 51 6879
37 52 9016
37 53 5349
37 56 4434
37 58 4901
37 59 3843
37 60 2245
37 62 4333
37 63 7229
37 65 3499
37 66 5303
37 70 5859
37 71 5516
37 72 2388
37 73 4369
37 74 9366
37 75 1082
37 76 2685
37 77 5022
37 79 851
37 80 3043
37 81 9683
37 82 6641
37 83 2161
37 84 6499
37 85 7776
37 88 8240
37 89 6092
37 91 9233
37 92 1845
37 93 2973
37 95 5658
37 96 9398
37 97 793
37 98 6014
37 99 3639
37 100 449
38 39 9613
38 40 2679
38 41 8913
38 42 339
38 43 3907
38 44 2202
38 45 8207
38 46 4651
38 48 9339
38 49 2181
38 50 2374
38 51 8590
38 52 7460
38 53 3439
38 54 2210
38 55 6458
38 56 9515
38 57 5156
38 58 7031
38 59 2816
38 60 412
38 61 5920
38 63 7057
38 64 7425
38 65 1574
38 66 3260
38 67 6734
38 68 4298
38 69 3529
38 70 705
38 71 2261
38 72 1223
38 74 4959
38 75 4458
38 76 6091
38 78 2146
38 80 1393
38 81 7299
38 83 6401
38 84 2244
38 85 8123
38 86 8909
38 87 7552
38 88 1596
38 89 7655
38 90 6829
38 92 2766
38 93 1415
38 94 718
38 95 8894
38 96 5951
38 97 254
38 100 8457
39 40 5384
39 41 5053
39 42 4101
39 43 8529
39 44 6068
39 45 2369
39 48 4003
39 49 4639
39 50 8638
39 51 7168
39 53 4638
39 54 6592
39 55 3302
39 56 5825
39 57 7926
39 58 7612
39 59 564
39 61 6045
39 62 6045
39 63 2278
39 64 9041
39 67 3790
39 68 3400
39 69 7481
39 70 2786
39 71 8804
39 72 2132
39 73 503
39 74 2325
39 76 5613
39 77 4279
39 78 1731
39 79 5784
39 80 1673
39 81 6533
39 82 9784
39 83 3998
39 84 2224
39 85 6652
39 86 24
39 87 4405
39 88 7006
39 89 4836
39 90 5969
39 92 7701
39 95 1299
39 96 3162
39 97 6849
39 98 7633
39 99 8108
39 100 48
40 42 5030
40 43 1372
40 44 6525
40 45 2267
40 46 4342
40 49 7461
40 50 7772
40 51 9308
40 52 7154
40 53 5798
40 55 8922
40 56 6107
40 57 483
40 58 5149
40 59 6872
40 60 5137
40 62 4051
40 63 2231
40 64 4273
40 65 51
40 66 3168
40 67 1103
40 68 5950
40 69 4042
40 70 1006
40 71 1393
40 72 2806
40 73 6399
40 74 7752
40 75 9034
40 76 3114
40 77 4218
40 78 4779
40 79 5934
40 81 3395
40 83 404
40 84 1875
40 85 9430
40 86 5261
40 87 1335
40 88 7891
40 89 4694
40 90 8779
40 91 8593
40 92 2775
40 93 736
40 94 7340
40 95 -151
40 96 7379
40 97 9187
40 98 4941
40 99 9468
40 100 8182
41 42 2851
41 43 7209
41 45 1418
41 46 4643
41 47 4895
41 48 6757
41 49 2638
41 50 9797
41 51 4387
41 52 5733
41 53 4393
41 54 1634
41 55 4788
41 57 4385
41 58 5085
41 59 4262
41 60 6976
41 61 2366
41 62 5869
41 63 3277
41 64 7378
41 66 149
41 67 3466
41 68 7474
41 69 2813
41 71 1753
41 72 4016
41 73 1731
41 74 8747
41 75 1230
41 76 5057
41 78 8385
41 79 8321
41 80 8293
41 81 6145
41 82 1997
41 84 6724
41 86 5050
41 87 1495
41 88 2229
41 89 5901
41 90 1445
41 91 1653
41 92 9423
41 93 2043
41 94 6475
41 95 7627
41 96 8899
41 98 6415
41 99 4852
41 100 8016
42 43 3808
42 44 5481
42 45 8921
42 46 9385
42 47 7308
42 48 3519
42 49 9268
42 51 7778
42 52 1718
42 53 5041
42 54 9759
42 55 8172
42 57 7479
42 58 8743
42 59 868
42 60 5314
42 61 3925
42 62 8334
42 63 6910
42 64 668
42 65 8644
42 66 9245
42 67 7460
42 68 433
42 69 8407
42 70 483
42 71 7257
42 72 3921
42 74 4729
42 76 7053
42 77 8996
42 78 7152
42 79 7510
42 80 3946
42 81 1195
42 82 6285
42 83 7021
42 84 -84
42 85 411
42 86 7431
42 88 6921
42 89 6494
42 90 563
42 91 2232
42 92 915
42 93 8876
42 96 3527
42 97 -88
42 98 6766
42 99 1872
42 100 9043
43 44 587
43 46 6782
43 47 816
43 48 6958
43 49 7205
43 50 4819
43 51 6416
43 52 7527
43 53 4582
43 54 9627
43 55 5264
43 56 8829
43 58 9381
43 59 8442
43 60 5081
43 61 6792
43 62 7318
43 63 6660
43 64 3014
43 66 4381
43 67 1512
43 68 5913
43 69 235
43 70 6362
43 71 7176
43 72 3958
43 73 5176
43 74 5960
43 75 795
43 76 7885
43 77 2049
43 78 4785
43 79 1513
43 80 9785
43 82 3530
43 83 2591
43 84 7458
43 85 6084
43 86 1185
43 87 3703
43 88 4544
43 89 9341
43 90 9147
43 91 8874
43 92 7162
43 93 3206
43 94 5247
43 96 4644
43 98 8635
43 99 8111
43 100 8631
44 45 1998
44 46 8510
44 47 7696
44 48 7188
44 49 2357
44 50 6365
44 51 4595
44 53 7002
44 54 715
44 56 3382
44 57 3776
44 58 354
44 60 4684
44 61 2213
44 62 9158
44 63 9100
44 64 2406
44 65 1864
44 66 9672
44 67 108
44 68 8556
44 71 6026
44 72 7661
44 73 2499
44 74 1944
44 76 8339
44 77 3244
44 78 7557
44 79 6322
44 80 1802
44 82 9117
44 83 962
44 84 1598
44 85 3615
44 86 216
44 87 6560
44 88 578
44 90 1006
44 91 1873
44 92 4103
44 95 3945
44 96 2145
44 97 8265
44 98 8468
44 99 2403
44 100 6782
45 46 6991
45 47 1681
45 48 2827
45 49 4751
45 50 6533
45 51 1232
45 52 8335
45 53 6365
45 54 6313
45 55 791
45 56 2572
45 57 1963
45 58 1725
45 59 6398
45 60 5463
45 62 8514
45 64 492
45 65 3497
45 66 -146
45 68 2922
45 69 525
45 71 438
45 72 5536
45 73 2856
45 74 4483
45 76 6848
45 77 2178
45 78 334
45 79 1018
45 80 2779
45 82 170
45 84 1696
45 85 5279
45 87 1678
45 88 2715
45 90 8448
45 91 1709
45 92 1283
45 93 9313
45 94 4205
45 95 5381
45 96 6024
45 98 4368
45 99 7115
45 100 163
46 49 6373
46 50 6876
46 51 7237
46 52 3939
46 53 7436
46 54 6914
46 55 2017
46 56 7494
46 57 8823
46 58 6657
46 59 9243
46 62 2739
46 63 8066
46 66 5319
46 67 3829
46 68 9196
46 70 235
46 71 8684
46 72 2119
46 73 6495
46 74 8723
46 78 2080
46 79 4734
46 80 470
46 81 7677
46 82 5931
46 83 211
46 84 2351
46 85 1581
46 86 334
46 87 815
46 88 8881
46 89 5372
46 90 5977
46 91 4719
46 92 3435
46 94 6541
46 95 838
46 96 5718
46 97 6198
46 98 4618
46 99 173
46 100 4742
47 48 4900
47 49 3174
47 50 6116
47 51 8858
47 52 5161
47 53 8491
47 54 -1
47 55 9567
47 56 8537
47 58 1329
47 60 8675
47 61 6969
47 62 7299
47 63 2289
47 64 56
47 65 4794
47 66 3004
47 67 61
47 68 5963
47 69 2920
47 70 2473
47 71 1770
47 72 6425
47 74 8894
47 75 8314
47 76 3144
47 77 8857
47 78 6198
47 80 2493
47 81 6241
47 82 8136
47 85 8806
47 86 2493
47 87 91
47 88 3390
47 89 7990
47 91 179
47 92 8624
47 93 1300
47 94 9462
47 97 9030
47 98 9090
47 99 2326
47 100 -90
48 49 9529
48 50 9790
48 51 7526
48 53 7769
48 55 638
48 57 1600
48 58 890
48 59 216
48 61 7918
48 63 8114
48 64 7788
48 65 6143
48 66 906
48 67 6308
48 68 1987
48 69 2316
48 70 6817
48 71 5967
48 72 5028
48 73 -42
48 76 7601
48 77 9585
48 79 4376
48 80 5330
48 81 9317
48 82 7018
48 83 6072
48 84 8789
48 86 3620
48 87 7369
48 88 566
48 91 3855
48 92 4666
48 93 2458
48 94 4042
48 95 3580
48 96 4591
48 97 7750
48 98 453
48 99 2301
48 100 526
49 50 9700
49 51 85
49 52 -175
49 53 2957
49 54 4707
49 55 6663
49 56 7743
49 57 9074
49 59 528
49 60 653
49 61 8149
49 62 4125
49 63 7942
49 65 5783
49 66 3511
49 67 6765
49 68 2356
49 69 9143
49 70 2629
49 71 7213
49 72 4146
49 73 6234
49 74 5290
49 76 8248
49 77 1314
49 78 9192
49 81 7143
49 83 1714
49 84 9429
49 85 5858
49 86 1069
49 87 3499
49 88 1512
49 89 2249
49 90 5281
49 91 966
49 92 5264
49 93 -85
49 94 5297
49 96 7816
49 97 4950
49 98 7427
49 99 1665
50 52 4256
50 53 7059
50 54 5865
50 55 106
50 57 5895
50 58 1113
50 59 3701
50 60 6416
50 61 8121
50 62 8803
50 63 9026
50 66 6475
50 67 5543
50 68 8177
50 69 2947
50 70 7295
50 71 7018
50 72 3099
50 73 5802
50 74 2669
50 75 4198
50 76 3546
50 77 745
50 79 7106
50 80 7088
50 81 139
50 82 4015
50 83 4198
50 84 1679
50 85 6226
50 86 5139
50 88 7738
50 90 9681
50 91 2375
50 92 9089
50 93 6870
50 94 2657
50 95 3609
50 96 5820
50 97 -167
50 98 1994
50 99 216
50 100 2887
51 52 1538
51 53 4742
51 54 6512
51 55 4924
51 56 7720
51 57 2635
51 58 4113
51 59 3499
51 60 5953
51 61 9621
51 62 1082
51 63 7801
51 64 3345
51 65 7625
51 69 -189
51 70 344
51 71 4650
51 72 5986
51 74 5234
51 75 7065
51 76 7384
51 77 2720
51 79 5745
51 81 6936
51 82 2177
51 83 2549
51 84 9330
51 85 6117
51 86 3212
51 88 2351
51 89 895
51 90 8194
51 91 -175
51 92 8048
51 94 1018
51 95 1391
51 96 1243
51 97 6245
51 98 6479
51 99 4140
51 100 6573
52 53 3142
52 55 3106
52 56 5360
52 57 5851
52 58 578
52 59 3835
52 61 4896
52 62 8764
52 63 1575
52 65 9523
52 66 8655
52 67 1265
52 68 2913
52 69 831
52 70 1938
52 71 5224
52 72 3337
52 74 3555
52 75 311
52 76 1739
52 77 4632
52 78 5024
52 79 9048
52 80 2760
52 81 5658
52 82 7628
52 83 4116
52 84 6590
52 86 3651
52 87 6848
52 88 1202
52 89 989
52 90 5801
52 91 979
52 92 8638
52 93 4001
52 95 9096
52 96 3619
52 97 9329
53 54 2479
53 56 6592
53 57 6582
53 58 5177
53 59 862
53 60 8303
53 61 9762
53 63 7420
53 64 567
53 65 4617
53 66 5829
53 67 859
53 68 9750
53 69 6346
53 72 9577
53 73 6184
53 74 4882
53 75 7818
53 76 4490
53 77 7538
53 78 4999
53 80 396
53 81 2839
53 82 5566
53 83 827
53 84 4577
53 85 5444
53 86 8353
53 87 8414
53 88 2472
53 89 8869
53 90 7743
53 92 901
53 93 -168
53 94 8873
53 96 1484
53 98 4942
53 100 5143
54 55 5306
54 57 7611
54 58 389
54 59 1198
54 61 6600
54 62 5208
54 63 5153
54 64 4225
54 65 3657
54 66 3495
54 67 9713
54 69 2589
54 70 6236
54 71 1377
54 72 9221
54 73 8800
54 75 7869
54 76 5330
54 77 7091
54 78 8863
54 79 8829
54 80 6070
54 81 2696
54 82 7638
54 83 2646
54 85 7061
54 86 283
54 87 1936
54 88 7375
54 91 3938
54 92 379
54 93 8235
54 94 9439
54 95 2725
54 96 8234
54 97 5983
54 98 8014
54 99 30
54 100 5720
55 56 3859
55 57 8789
55 59 4281
55 60 8603
55 61 4862
55 62 1209
55 63 5183
55 64 4151
55 65 4973
55 66 1962
55 67 3053
55 68 663
55 69 4774
55 70 3642
55 71 2853
55 73 2636
55 75 8393
55 76 -149
55 77 4837
55 78 2471
55 79 2819
55 80 6320
55 82 232
55 83 4554
55 84 2746
55 85 8807
55 86 3717
55 87 1343
55 88 9109
55 89 2810
55 90 2642
55 91 1021
55 92 898
55 93 1096
55 94 4067
55 95 8821
55 96 2185
55 99 9682
55 100 6256
56 58 7497
56 60 1787
56 61 -45
56 62 6352
56 63 2385
56 64 2713
56 65 7465
56 66 4019
56 68 1435
56 69 96
56 70 4439
56 71 1087
56 72 4601
56 74 1941
56 75 6624
56 76 6671
56 77 4845
56 78 3005
56 79 2275
56 80 5507
56 81 2836
56 82 6904
56 83 1976
56 84 9563
56 85 6615
56 86 6189
56 87 -62
56 90 234
56 91 7419
56 92 297
56 93 6335
56 94 3330
56 95 503
56 96 3369
56 97 871
56 98 3453
56 99 2382
57 58 8069
57 59 6951
57 61 1428
57 62 2480
57 64 3382
57 65 1754
57 66 2180
57 69 7219
57 70 988
57 72 6030
57 73 9323
57 74 887
57 75 7294
57 77 6507
57 78 4469
57 79 9341
57 80 1498
57 81 4656
57 82 8644
57 83 8459
57 85 286
57 86 9398
57 87 3011
57 88 1222
57 89 5017
57 90 4027
57 91 4900
57 92 923
57 93 188
57 94 7392
57 95 5852
57 97 3936
57 98 4281
57 99 3224
57 100 482
58 59 6161
58 60 6446
58 62 2920
58 63 7391
58 64 7289
58 65 1365
58 68 6583
58 69 9177
58 70 9536
58 71 2816
58 72 7623
58 73 619
58 75 7841
58 76 509
58 77 3814
58 78 9419
58 79 2425
58 80 6019
58 81 3621
58 82 309
58 83 -50
58 85 527
58 86 -123
58 87 8726
58 88 366
58 89 8924
58 90 4878
58 91 7081
58 92 4021
58 93 8514
58 94 6668
58 95 9431
58 96 8231
58 97 549
58 98 4271
58 99 3113
59 60 -28
59 61 6788
59 62 5287
59 63 1001
59 64 31
59 65 9588
59 66 1927
59 67 2997
59 68 5264
59 69 5828
59 70 1584
59 71 8435
59 72 2045
59 73 783
59 75 4701
59 76 6181
59 77 6280
59 80 915
59 81 4168
59 83 8237
59 84 677
59 86 8813
59 87 2393
59 88 1683
59 89 1022
59 90 6621
59 91 2662
59 92 7487
59 93 6765
59 94 5304
59 97 4771
59 98 8814
59 99 9324
59 100 4691
60 61 142
60 62 6840
60 63 4559
60 64 9413
60 65 5432
60 66 6273
60 67 3921
60 68 8098
60 69 562
60 70 4670
60 71 6869
60 72 -12
60 77 9346
60 79 4723
60 80 4568
60 81 1874
60 82 8580
60 83 3268
60 85 3256
60 86 5564
60 87 6458
60 88 3749
60 89 773
60 90 2616
60 91 9279
60 92 8447
60 93 8587
60 94 7099
60 96 200
60 98 8033
60 99 9509
60 100 5384
61 62 7005
61 63 6336
61 64 884
61 65 384
61 66 -118
61 67 9277
61 68 419
61 69 1203
61 70 5234
61 71 9256
61 73 8364
61 74 8926
61 75 8333
61 76 3639
61 77 9163
61 78 3407
61 80 2555
61 81 9226
61 82 8266
61 83 621
61 84 8041
61 85 3285
61 86 5183
61 87 2912
61 89 2210
61 90 7319
61 91 2821
61 92 2992
61 93 1356
61 94 8901
61 95 1956
61 96 1644
61 97 5168
61 98 6750
62 65 2563
62 66 2968
62 67 7864
62 68 9658
62 69 3822
62 70 121
62 71 4383
62 72 3134
62 73 -30
62 74 2755
62 75 8884
62 76 6404
62 77 1221
62 78 9229
62 79 3909
62 80 9560
62 81 7155
62 82 9247
62 83 6659
62 84 -82
62 85 4042
62 86 4841
62 88 4496
62 90 9142
62 91 5803
62 92 1781
62 94 2404
62 95 8950
62 96 936
62 97 3808
62 98 2533
62 100 -110
63 64 915
63 65 3644
63 66 1292
63 67 8427
63 68 7715
63 71 5519
63 72 9374
63 73 2521
63 74 2479
63 75 4499
63 76 2691
63 77 7336
63 78 8221
63 79 3689
63 81 2201
63 82 7052
63 83 8784
63 84 2694
63 87 8469
63 88 7813
63 89 2163
63 92 9227
63 93 3470
63 96 8996
63 97 2946
63 98 8522
63 99 6008
63 100 3289
64 65 3176
64 66 8493
64 67 794
64 69 9332
64 71 4718
64 72 1576
64 74 1938
64 75 2574
64 76 8283
64 77 4394
64 78 1597
64 80 3367
64 81 230
64 82 3452
64 83 1941
64 84 3598
64 85 1176
64 86 7482
64 88 3037
64 89 1880
64 90 4622
64 91 1466
64 92 9786
64 93 1476
64 94 2348
64 96 5766
64 97 246
64 98 6000
64 99 3800
65 66 9324
65 67 1155
65 68 3610
65 69 8639
65 70 7475
65 71 1627
65 72 3456
65 73 9117
65 74 745
65 75 3897
65 76 1206
65 77 7988
65 79 6232
65 80 3681
65 82 2734
65 83 3492
65 84 7637
65 85 1252
65 86 492
65 87 7383
65 88 7685
65 89 5414
65 90 9391
65 92 8218
65 93 35
65 94 1931
65 95 8328
65 96 3461
65 97 9740
65 98 7854
65 99 4036
66 67 806
66 68 9763
66 70 4612
66 71 7446
66 72 9202
66 73 8926
66 74 8069
66 75 2192
66 76 202
66 77 2882
66 78 4153
66 79 6916
66 80 130
66 81 4714
66 82 3609
66 83 312
66 84 1497
66 85 3339
66 87 3950
66 88 3329
66 89 6423
66 90 3427
66 91 4529
66 92 3086
66 93 5165
66 94 7846
66 95 5132
66 96 9158
66 97 7925
66 98 -116
66 99 7121
66 100 2573
67 68 3315
67 69 5733
67 70 3858
67 71 2584
67 72 8922
67 73 1312
67 74 3383
67 75 1177
67 76 8441
67 77 8223
67 79 4382
67 80 4106
67 81 3110
67 82 406
67 83 5306
67 85 1886
67 86 7244
67 87 6556
67 88 5493
67 89 9602
67 90 1393
67 91 6103
67 92 9063
67 93 1440
67 94 1648
67 95 4897
67 96 1989
67 97 301
67 98 664
67 100 5539
68 69 3952
68 70 7515
68 71 671
68 72 2425
68 73 5124
68 74 84
68 75 7356
68 78 1345
68 79 7619
68 80 2974
68 81 9048
68 82 9724
68 83 7802
68 84 1419
68 85 5281
68 86 8159
68 87 787
68 88 7422
68 89 616
68 90 9397
68 91 1479
68 93 3172
68 94 3521
68 95 8202
68 98 8370
68 99 9467
69 71 3836
69 73 2210
69 74 8361
69 75 1592
69 76 6616
69 77 9060
69 78 1955
69 79 4740
69 80 7906
69 81 9380
69 82 638
69 83 7278
69 84 4558
69 85 8943
69 87 2143
69 88 6955
69 89 8103
69 90 3038
69 91 3893
69 92 7665
69 94 4197
69 95 3216
69 97 3833
69 98 6245
69 99 9149
69 100 1959
70 72 5715
70 73 8668
70 74 8571
70 75 2564
70 76 3122
70 77 8312
70 79 -196
70 80 3324
70 81 3811
70 82 7260
70 84 9345
70 85 4820
70 86 1773
70 88 4359
70 89 3717
70 90 8750
70 91 8391
70 92 1015
70 93 4626
70 94 2800
70 97 5276
70 98 3909
70 99 7360
70 100 9400
71 72 4497
71 73 5844
71 74 936
71 75 4763
71 76 1083
71 77 8
71 78 9234
71 79 8881
71 80 1823
71 81 1560
71 83 1105
71 84 7518
71 85 4910
71 86 6304
71 87 1054
71 88 3434
71 90 2480
71 91 7765
71 92 2303
71 93 2311
71 94 4547
71 95 2702
71 96 4226
71 97 8055
72 73 4692
72 74 4704
72 75 751
72 76 8083
72 77 1332
72 78 6539
72 81 734
72 83 1894
72 85 2190
72 86 6811
72 87 9179
72 88 8205
72 89 9535
72 90 8568
72 91 4879
72 92 1485
72 93 2915
72 94 3339
72 95 683
72 97 2808
72 98 -121
72 99 8618
72 100 7583
73 74 1915
73 75 8101
73 76 3398
73 77 8715
73 79 9211
73 81 1317
73 82 5994
73 83 1679
73 84 5106
73 85 1246
73 86 2803
73 87 2897
73 89 2381
73 91 1566
73 92 5084
73 94 4013
73 95 3247
73 96 5507
73 97 7797
73 98 5808
74 76 8280
74 77 8221
74 78 7281
74 79 2070
74 80 4337
74 81 6106
74 83 2106
74 84 5350
74 85 221
74 86 2109
74 87 5472
74 88 7869
74 89 936
74 91 2960
74 92 2665
74 93 3484
74 95 8509
74 96 8558
74 97 2748
74 99 6522
74 100 3114
75 76 7734
75 77 8825
75 78 746
75 79 3558
75 80 4089
75 81 2888
75 82 8102
75 83 7110
75 84 2083
75 85 2327
75 86 4854
75 87 2420
75 88 6598
75 89 914
75 90 1842
75 91 5741
75 92 207
75 93 1942
75 94 7498
75 96 1914
75 98 1575
75 99 5254
75 100 9638
76 77 3661
76 78 8792
76 79 9752
76 80 8026
76 82 2619
76 83 5349
76 84 4904
76 85 1988
76 86 5764
76 87 3096
76 88 2870
76 89 5913
76 90 7111
76 91 4881
76 92 8922
76 93 5321
76 94 456
76 95 6648
76 97 21
76 98 8855
77 78 1714
77 79 2473
77 80 7273
77 81 3211
77 82 146
77 83 3273
77 84 9355
77 86 689
77 88 6980
77 89 4530
77 91 2200
77 92 3128
77 93 9228
77 95 2363
77 97 2727
77 98 6659
77 99 5338
77 100 5229
78 79 2835
78 80 4691
78 81 7738
78 82 6280
78 83 7192
78 84 5551
78 85 1189
78 86 1274
78 88 8371
78 90 9121
78 91 5619
78 93 5981
78 95 7106
78 98 2547
78 99 6458
78 100 6654
79 80 7830
79 81 2897
79 82 7299
79 84 7033
79 85 9062
79 86 6780
79 88 531
79 89 7449
79 90 5712
79 91 296
79 92 1393
79 93 5474
79 94 1692
79 95 5592
79 96 9499
79 97 6950
79 100 8174
80 81 1227
80 82 4989
80 84 141
80 85 6679
80 86 1446
80 87 4745
80 88 7849
80 89 5681
80 90 3833
80 91 8960
80 93 1329
80 94 7507
80 95 2625
80 97 7576
80 98 7211
80 99 2411
81 82 3951
81 83 724
81 84 2841
81 85 3478
81 87 8027
81 89 5521
81 90 6787
81 91 206
81 92 8869
81 93 6245
81 94 1233
81 95 2099
81 97 6221
81 98 4117
81 99 6275
81 100 1898
82 83 3981
82 84 7774
82 85 3496
82 86 3498
82 87 3150
82 88 7096
82 89 2750
82 90 76
82 91 -59
82 92 3899
82 94 5964
82 95 3780
82 96 -63
82 99 5162
82 100 2381
83 84 1649
83 85 830
83 86 4041
83 89 3635
83 90 2717
83 91 8683
83 92 7204
83 93 5280
83 94 5403
83 96 -49
83 97 3399
83 99 6114
83 100 6798
84 86 9294
84 87 6855
84 88 8751
84 89 557
84 90 7680
84 91 8803
84 92 5255
84 93 7648
84 94 5483
84 95 7850
84 96 2877
84 97 2457
84 98 5351
84 99 145
84 100 566
85 87 1267
85 88 4201
85 89 762
85 90 9770
85 91 4521
85 92 3045
85 93 1154
85 94 8233
85 95 8460
85 96 1975
85 97 2825
85 98 1011
85 99 8977
85 100 4350
86 87 8949
86 88 1181
86 89 2401
86 90 3817
86 91 5796
86 92 7425
86 93 3110
86 94 8891
86 96 740
86 97 6607
86 98 3962
86 99 4848
86 100 8380
87 88 6727
87 89 2677
87 90 6546
87 91 7514
87 92 6791
87 93 2471
87 94 5579
87 97 6327
87 98 3578
87 99 1254
87 100 4242
88 89 2854
88 90 7862
88 91 4282
88 92 2497
88 93 9296
88 94 2923
88 95 1932
88 96 1827
88 97 5296
88 98 6846
88 100 4014
89 90 2261
89 91 1762
89 93 3363
89 94 3963
89 95 5795
89 96 4480
89 97 8071
89 99 409
89 100 1393
90 93 3278
90 94 1334
90 96 7550
90 98 3811
90 99 729
90 100 6660
91 92 3161
91 93 8218
91 94 5417
91 95 7366
91 96 6376
91 97 8542
91 98 5699
91 99 4401
91 100 1201
92 93 7972
92 94 9594
92 95 8967
92 96 9219
92 97 746
92 98 8484
92 99 7486
92 100 7967
93 94 7187
93 95 2298
93 96 3627
93 97 7295
93 98 4145
93 99 8952
93 100 3722
94 95 2089
94 96 -193
94 97 5858
94 98 2291
94 99 6860
95 97 6868
95 98 2185
95 100 328
96 97 5638
96 98 2747
96 99 4166
96 100 5664
97 98 7207
97 99 -57
97 100 770
98 99 7894
98 100 2842
99 100 1956
