100 4800
1 2 5183
1 3 1555
1 5 9157
1 6 2936
1 7 2114
1 8 701
1 9 33
1 11 1731
1 12 2872
1 13 1203
1 14 6172
1 15 4439
1 16 3983
1 17 3896
1 19 3031
1 20 7708
1 21 8813
1 22 2367
1 23 9773
1 24 2718
1 25 4384
1 26 -44
1 27 366
1 28 4887
1 29 9436
1 30 1541
1 31 1838
1 32 8670
1 33 2031
1 34 5710
1 35 1508
1 36 7506
1 37 117
1 38 8335
1 39 127
1 40 4422
1 41 4823
1 42 6000
1 43 2145
1 44 1884
1 45 8565
1 46 4308
1 47 6156
1 48 1582
1 49 2154
1 50 382
1 51 5036
1 52 6168
1 53 6318
1 54 890
1 55 3204
1 56 8456
1 57 3811
1 58 3543
1 59 8370
1 61 3732
1 62 3969
1 63 8973
1 64 2023
1 65 1761
1 66 55
1 67 9476
1 68 8472
1 69 737
1 70 6008
1 71 4429
1 72 821
1 73 2501
1 74 1621
1 75 800
1 76 1413
1 77 677
1 79 1796
1 80 7682
1 82 6075
1 83 1710
1 84 2906
1 85 7875
1 86 5612
1 87 7774
1 88 73
1 89 4254
1 90 8607
1 91 4559
1 92 308
1 93 7652
1 94 91
1 95 634
1 96 4114
1 97 3753
1 98 3776
1 99 400
1 100 9675
2 3 3387
2 4 3225
2 5 8321
2 6 1298
2 7 9340
2 8 3340
2 9 6872
2 10 4046
2 11 6730
2 12 3929
2 13 20
2 14 8883
2 15 947
2 16 2600
2 17 5297
2 18 7530
2 19 5598
2 20 8667
2 21 1093
2 22 8079
2 23 1341
2 24 6289
2 25 6750
2 26 7366
2 27 -1
2 28 1451
2 29 7560
2 30 151
2 31 1445
2 32 8756
2 33 4339
2 34 4518
2 35 6618
2 36 5109
2 37 8243
2 38 2381
2 39 6577
2 40 1265
2 41 4661
2 42 9768
2 43 2380
2 44 2623
2 45 4236
2 46 1488
2 47 7396
2 48 4747
2 50 2101
2 51 4370
2 52 6704
2 53 5811
2 54 5729
2 55 7893
2 56 6311
2 57 6711
2 58 4166
2 60 1032
2 61 2155
2 62 5104
2 63 6282
2 64 2680
2 65 524
2 66 8788
2 67 5602
2 68 2336
2 69 3816
2 70 2534
2 71 4986
2 73 8588
2 74 664
2 75 5005
2 76 5320
2 77 5073
2 78 6777
2 79 6293
2 80 7819
2 81 972
2 82 3463
2 83 2995
2 84 2087
2 85 9469
2 86 9118
2 87 6087
2 88 4093
2 89 3057
2 90 2413
2 91 3129
2 92 4721
2 93 8221
2 94 5353
2 95 4964
2 96 8300
2 97 1232
2 98 7860
2 99 5613
2 100 8377
3 4 256
3 5 2114
3 6 3514
3 7 2291
3 8 1123
3 9 7984
3 10 -28
3 11 2925
3 12 7168
3 13 7249
3 14 2967
3 15 8695
3 16 2082
3 17 4857
3 18 3015
3 19 148
3 20 1731
3 21 5447
3 22 474
3 23 6690
3 24 9115
3 25 5388
3 26 339
3 27 6260
3 28 564
3 29 6346
3 30 7144
3 31 9152
3 32 4417
3 33 201
3 34 2441
3 35 6593
3 36 6911
3 37 8437
3 38 4696
3 39 4826
3 40 2705
3 41 7580
3 42 8378
3 43 8120
3 44 167
3 45 3415
3 46 2759
3 47 5352
3 48 9879
3 49 5351
3 50 8132
3 51 94
3 52 7914
3 53 6780
3 54 4376
3 55 8644
3 56 6355
3 57 9489
3 58 9144
3 59 463
3 60 4193
3 61 2650
3 63 637
3 64 9043
3 65 406
3 66 7991
3 67 2556
3 68 3361
3 69 723
3 70 1596
3 71 1203
3 72 2802
3 73 154
3 74 8374
3 75 1028
3 76 9182
3 77 9751
3 78 9388
3 79 9409
3 80 70
3 81 490
3 82 8172
3 83 3777
3 85 8439
3 86 7064
3 87 3879
3 88 2170
3 89 3050
3 90 7744
3 91 3760
3 92 8459
3 93 1687
3 94 5065
3 95 9552
3 96 8924
3 97 7635
3 98 210
3 99 5834
3 100 8852
4 5 4415
4 6 874
4 7 7115
4 8 5199
4 9 7580
4 10 216
4 12 4155
4 13 9423
4 15 5638
4 16 6348
4 17 1056
4 18 5409
4 19 3017
4 20 3537
4 21 5380
4 22 2661
4 23 439
4 24 845
4 25 6634
4 26 5373
4 27 8011
4 28 5166
4 29 1831
4 30 7860
4 31 5858
4 32 6760
4 33 3474
4 34 4813
4 35 4313
4 36 1494
4 37 7534
4 38 7293
4 39 35
4 40 817
4 41 8694
4 42 1642
4 44 1605
4 45 9094
4 46 4377
4 47 8145
4 48 9494
4 49 539
4 50 9873
4 51 2889
4 52 9775
4 53 5562
4 54 6073
4 55 969
4 56 3847
4 57 3159
4 58 6133
4 59 5756
4 60 5518
4 61 5746
4 62 1933
4 63 8972
4 64 3526
4 65 6702
4 66 8172
4 67 4274
4 68 4047
4 69 1617
4 70 428
4 71 6045
4 72 5507
4 73 5584
4 74 2586
4 75 8214
4 76 4323
4 77 3185
4 78 7331
4 79 2645
4 80 5362
4 81 2161
4 82 9407
4 83 9049
4 84 8496
4 85 2308
4 86 3267
4 87 72
4 88 8001
4 89 6748
4 90 5846
4 91 5334
4 92 8941
4 93 3560
4 94 6892
4 95 4928
4 96 5285
4 97 7178
4 98 467
4 99 7772
4 100 576
5 6 4776
5 7 239
5 8 267
5 9 5311
5 11 1064
5 12 7868
5 13 5736
5 14 8699
5 15 4297
5 16 786
5 17 6493
5 18 9407
5 19 2272
5 20 8468
5 21 1611
5 23 6586
5 24 4925
5 25 8032
5 26 2250
5 27 350
5 28 7639
5 29 2211
5 30 2074
5 31 4434
5 32 6510
5 33 3160
5 34 4043
5 36 6833
5 37 5702
5 38 753
5 39 2619
5 40 6492
5 41 867
5 42 3884
5 43 3648
5 44 1944
5 45 3038
5 46 3164
5 47 9271
5 48 3006
5 49 9339
5 50 3813
5 51 4432
5 52 1916
5 53 3969
5 54 9771
5 55 1664
5 56 2718
5 57 4785
5 58 5796
5 59 77
5 60 3532
5 61 1896
5 62 8553
5 63 8184
5 64 3380
5 65 6903
5 66 8499
5 67 975
5 68 728
5 69 4986
5 70 3092
5 71 8679
5 72 934
5 73 6774
5 74 1698
5 75 2508
5 76 8076
5 77 6449
5 78 9675
5 79 8388
5 80 317
5 81 5532
5 82 8593
5 83 4713
5 84 8990
5 85 6008
5 88 3237
5 89 984
5 90 7351
5 91 4614
5 92 5061
5 93 3629
5 94 7097
5 95 5252
5 96 3090
5 97 3708
5 98 1594
5 99 464
5 100 5065
6 7 2143
6 8 467
6 9 6522
6 10 2023
6 11 7288
6 12 267
6 13 2317
6 14 7179
6 15 3578
6 16 9180
6 17 8356
6 18 9293
6 19 6602
6 20 8203
6 21 4292
6 22 1189
6 23 1724
6 24 739
6 25 8117
6 26 643
6 27 2226
6 28 4222
6 29 2622
6 30 1897
6 31 9121
6 33 5044
6 34 9210
6 35 2541
6 36 6706
6 37 1415
6 38 2048
6 39 1837
6 40 1874
6 41 7450
6 42 2942
6 43 6471
6 44 9444
6 45 4038
6 46 504
6 47 5002
6 48 1502
6 49 4874
6 50 2273
6 51 5230
6 52 5308
6 53 6152
6 54 2919
6 55 4377
6 56 7984
6 57 8098
6 58 2935
6 59 44
6 60 4912
6 61 7248
6 62 7313
6 63 5981
6 64 8319
6 65 2159
6 66 7994
6 67 8280
6 68 4090
6 69 2995
6 70 1750
6 71 5129
6 72 8937
6 73 9222
6 74 9559
6 75 5363
6 76 6560
6 77 3896
6 78 9011
6 79 5912
6 80 7458
6 81 4728
6 82 637
6 83 9799
6 84 1435
6 85 2172
6 86 4957
6 87 3577
6 88 8453
6 89 2271
6 91 4851
6 92 8968
6 93 3974
6 94 7234
6 95 9055
6 96 1672
6 97 2686
6 98 6154
6 99 8015
6 100 2406
7 8 7869
7 9 8889
7 11 2717
7 12 1702
7 13 1169
7 14 7329
7 15 1120
7 16 8261
7 17 9820
7 18 8733
7 19 336
7 20 1482
7 21 5907
7 22 5775
7 23 2907
7 24 2923
7 25 6338
7 26 7780
7 27 391
7 28 9012
7 29 6729
7 30 6513
7 31 7079
7 32 265
7 33 5595
7 34 3422
7 35 631
7 36 2213
7 37 2154
7 38 1481
7 39 7263
7 40 8285
7 41 1948
7 42 9793
7 43 4684
7 44 4646
7 45 9133
7 46 6587
7 47 5062
7 48 9395
7 49 3654
7 50 5361
7 51 4939
7 52 7923
7 53 4580
7 54 6601
7 55 4247
7 56 8190
7 57 5500
7 58 9715
7 59 8776
7 60 739
7 61 7801
7 62 4973
7 63 3155
7 64 3431
7 65 3225
7 66 9424
7 67 3910
7 68 54
7 69 9740
7 70 2129
7 71 3852
7 72 842
7 73 9152
7 74 9025
7 75 1127
7 76 5682
7 77 5328
7 78 6641
7 79 9145
7 80 476
7 81 9530
7 82 8633
7 83 2409
7 84 8246
7 85 5978
7 86 1907
7 87 9538
7 88 4489
7 89 4093
7 90 5395
7 91 7086
7 92 2797
7 93 8721
7 94 1208
7 95 9747
7 96 2537
7 97 6290
7 98 6816
7 99 6324
7 100 4490
8 9 56
8 10 4757
8 11 7912
8 12 2900
8 13 7698
8 14 3226
8 15 5583
8 16 4396
8 17 5185
8 18 6037
8 19 1761
8 20 206
8 21 9082
8 22 841
8 23 7089
8 24 5509
8 25 1770
8 26 4205
8 27 5361
8 28 2278
8 29 7210
8 30 9536
8 32 6348
8 33 9699
8 34 3255
8 35 4390
8 36 7951
8 37 8039
8 38 590
8 39 5598
8 40 6535
8 41 7023
8 42 8271
8 43 5182
8 44 8074
8 45 2761
8 46 3616
8 47 9274
8 48 8064
8 49 3747
8 50 3352
8 51 9651
8 52 4953
8 53 2571
8 54 1674
8 55 7928
8 56 5716
8 57 8228
8 58 7048
8 59 6224
8 60 4569
8 61 7590
8 62 220
8 63 8606
8 64 553
8 65 4135
8 66 -82
8 67 3459
8 68 8011
8 69 8818
8 70 194
8 71 8658
8 72 380
8 73 336
8 74 1267
8 75 5550
8 76 7999
8 77 4806
8 78 6142
8 79 2255
8 80 9111
8 81 4444
8 82 8632
8 83 1246
8 84 6463
8 85 8515
8 86 5367
8 87 3889
8 88 9383
8 89 423
8 90 3858
8 91 1651
8 92 9291
8 93 595
8 94 2174
8 95 3863
8 96 1095
8 97 636
8 98 6425
8 99 6688
8 100 6790
9 10 7327
9 11 9736
9 12 4710
9 13 4780
9 14 9267
9 15 1984
9 16 8131
9 17 4868
9 18 8015
9 19 4104
9 20 9277
9 21 694
9 22 4909
9 23 4636
9 24 3499
9 26 2136
9 27 7031
9 28 4545
9 29 2290
9 30 2560
9 31 1858
9 32 7949
9 33 1087
9 34 8359
9 35 4866
9 36 6875
9 37 749
9 38 2217
9 39 2592
9 40 2931
9 41 8265
9 42 7259
9 44 2886
9 45 5381
9 46 8421
9 48 7754
9 49 4867
9 50 4288
9 51 1470
9 52 9877
9 53 6728
9 54 3059
9 55 5890
9 56 6665
9 57 3616
9 58 3969
9 59 5045
9 60 8252
9 61 8054
9 62 9443
9 63 7973
9 64 9578
9 65 6436
9 66 7224
9 67 3288
9 68 6418
9 69 2962
9 70 6490
9 71 2149
9 72 7089
9 73 2591
9 74 5005
9 75 9107
9 76 7637
9 77 6697
9 78 3295
9 79 1960
9 80 2442
9 81 6438
9 82 1353
9 83 4570
9 84 61
9 85 3655
9 86 9684
9 87 9350
9 88 1219
9 89 2665
9 90 7843
9 91 6165
9 92 5006
9 93 4737
9 94 4830
9 95 1633
9 96 4110
9 97 1999
9 98 942
9 99 4678
9 100 7069
10 11 9824
10 12 2399
10 13 601
10 14 890
10 15 7673
10 16 5906
10 17 9200
10 18 7674
10 19 6604
10 20 1124
10 22 5896
10 23 2535
10 24 1404
10 25 570
10 26 695
10 27 6171
10 28 9684
10 29 7822
10 30 7169
10 31 7010
10 32 7382
10 33 9472
10 34 5289
10 35 5265
10 36 5116
10 37 6105
10 38 5488
10 39 -74
10 40 6909
10 41 1203
10 42 8376
10 43 9850
10 44 2455
10 45 7382
10 46 1535
10 47 1294
10 48 7816
10 49 9512
10 50 5952
10 51 6951
10 52 472
10 53 9814
10 54 800
10 55 1076
10 56 6299
10 57 8291
10 58 8125
10 59 2363
10 60 9719
10 61 5811
10 62 4681
10 63 2929
10 64 6316
10 65 6809
10 66 3106
10 67 4524
10 68 6323
10 69 3907
10 70 2780
10 71 1086
10 72 8370
10 73 7481
10 74 7913
10 75 8780
10 76 4414
10 77 9779
10 78 2256
10 79 4593
10 80 8977
10 81 8893
10 82 3947
10 83 4482
10 84 2715
10 85 2889
10 86 9625
10 87 6211
10 88 5858
10 89 321
10 90 6524
10 91 6272
10 92 3219
10 93 6666
10 94 568
10 95 1783
10 96 1165
10 97 5026
10 98 3950
10 99 5102
10 100 8557
11 12 9191
11 13 6686
11 14 1856
11 15 2859
11 16 7098
11 17 4167
11 18 1347
11 19 6357
11 20 1643
11 21 4449
11 22 7227
11 23 961
11 26 7433
11 27 6302
11 28 7699
11 29 5165
11 30 4251
11 31 4042
11 32 5013
11 33 6201
11 34 3115
11 35 2046
11 36 32
11 37 4598
11 38 5265
11 39 3545
11 40 7988
11 41 2647
11 42 1645
11 43 7174
11 44 5162
11 45 2138
11 46 4418
11 47 8219
11 48 9493
11 49 9234
11 50 7356
11 51 8063
11 52 5882
11 53 5933
11 55 9496
11 56 5303
11 57 2946
11 59 3273
11 60 8416
11 61 5608
11 62 6454
11 63 861
11 64 9518
11 65 7020
11 66 6754
11 67 4390
11 68 7822
11 69 9219
11 70 9223
11 71 1028
11 72 4203
11 73 4500
11 74 431
11 75 6172
11 76 9598
11 77 6328
11 78 9254
11 79 9580
11 81 1076
11 82 2053
11 83 2457
11 84 2898
11 85 6790
11 86 4181
11 87 3899
11 88 4882
11 89 3798
11 90 4773
11 91 1384
11 92 4366
11 93 3147
11 94 2696
11 95 8875
11 96 4979
11 97 8588
11 98 578
11 99 1487
11 100 6247
12 13 2086
12 14 9385
12 15 3032
12 16 2607
12 17 3592
12 18 2783
12 19 754
12 20 5334
12 21 4446
12 22 2283
12 23 987
12 24 4082
12 25 5146
12 26 4208
12 27 8019
12 29 5920
12 30 2494
12 31 1031
12 32 1061
12 33 9475
12 34 8749
12 36 2873
12 37 1713
12 38 8557
12 39 995
12 40 1240
12 41 4661
12 42 8491
12 43 852
12 44 7597
12 46 4901
12 47 8108
12 48 2803
12 49 2833
12 50 3741
12 51 6423
12 52 9879
12 53 3856
12 54 6917
12 55 3887
12 56 2265
12 57 3581
12 58 3772
12 59 7909
12 60 2634
12 61 7801
12 62 2765
12 63 2803
12 64 -67
12 65 3871
12 66 7046
12 67 7790
12 68 4501
12 69 4891
12 70 1291
12 71 6730
12 72 857
12 73 8933
12 74 3327
12 75 359
12 76 5946
12 77 1429
12 78 5553
12 79 2306
12 80 2910
12 81 9033
12 82 4095
12 83 9848
12 84 4158
12 85 9133
12 86 4113
12 87 849
12 88 8669
12 89 2729
12 90 5285
12 91 9270
12 92 7850
12 93 8016
12 94 4204
12 95 9119
12 96 5672
12 97 8430
12 98 7070
12 99 1626
12 100 9479
13 14 8536
13 15 6958
13 16 4399
13 17 1128
13 18 5650
13 19 2304
13 20 5450
13 21 4146
13 22 6753
13 23 2115
13 24 6056
13 25 1338
13 26 5394
13 27 7738
13 28 2404
13 29 4638
13 30 4109
13 31 6615
13 32 9446
13 33 1173
13 34 305
13 35 9326
13 36 9076
13 37 7602
13 38 1732
13 39 1174
13 40 5636
13 41 6196
13 43 2415
13 44 2939
13 45 3134
13 46 8734
13 47 4450
13 48 3089
13 49 5570
13 50 7191
13 51 3073
13 52 4090
13 53 3202
13 54 3089
13 55 4839
13 56 7456
13 57 3495
13 58 8879
13 59 6792
13 60 7722
13 61 7679
13 62 6928
13 63 1372
13 64 9286
13 65 622
13 66 6389
13 67 9696
13 68 4655
13 69 7878
13 70 8737
13 71 6628
13 72 8718
13 73 8270
13 74 -42
13 76 5229
13 77 3213
13 78 9871
13 79 8557
13 80 3259
13 81 5112
13 82 9627
13 83 8265
13 84 6624
13 85 945
13 86 600
13 87 5274
13 88 9227
13 89 3904
13 90 3182
13 91 3128
13 92 2419
13 93 4778
13 94 2302
13 95 3527
13 96 2864
13 97 7145
13 98 8360
13 99 5850
13 100 5659
14 15 3352
14 16 2259
14 17 4175
14 18 8126
14 19 5015
14 20 3798
14 21 948
14 22 7043
14 23 5731
14 24 4097
14 25 7742
14 26 4919
14 27 9536
14 28 -47
14 29 4803
14 30 4553
14 31 6987
14 32 5822
14 33 3888
14 34 7754
14 35 694
14 36 3603
14 37 5722
14 38 4676
14 39 -53
14 40 3744
14 41 3399
14 42 4984
14 43 7141
14 44 7543
14 45 9381
14 46 7128
14 47 1921
14 48 2804
14 49 3865
14 50 6012
14 51 5180
14 52 9424
14 53 1373
14 54 4832
14 55 3229
14 56 3969
14 57 6528
14 58 3626
14 59 1727
14 60 9812
14 61 4963
14 62 1222
14 63 4509
14 64 6836
14 66 6137
14 67 4536
14 68 9148
14 69 3064
14 70 5027
14 71 7186
14 72 1443
14 73 7230
14 74 5442
14 75 263
14 76 2650
14 77 6187
14 78 6688
14 79 3573
14 80 6496
14 81 3868
14 82 6831
14 83 6198
14 84 7585
14 85 9113
14 86 3608
14 87 4494
14 88 7384
14 89 3817
14 90 380
14 91 9599
14 92 4800
14 93 8088
14 94 3804
14 95 4416
14 96 4517
14 97 2637
14 98 8208
14 99 3619
14 100 2703
15 16 4342
15 17 9467
15 18 4152
15 19 6151
15 20 6856
15 21 908
15 22 1355
15 23 6875
15 24 8797
15 25 5837
15 26 6422
15 27 8649
15 28 7409
15 29 8794
15 30 3175
15 31 7745
15 32 42
15 33 9269
15 34 3300
15 35 5269
15 37 7994
15 38 7212
15 39 1462
15 40 2952
15 41 8645
15 42 8377
15 43 2925
15 44 2790
15 45 3848
15 46 5314
15 47 4474
15 48 7985
15 49 235
15 50 5751
15 51 575
15 52 1658
15 53 6887
15 54 8517
15 56 4029
15 57 9536
15 58 718
15 59 4174
15 60 8511
15 61 -2
15 62 88
15 63 3224
15 64 4077
15 65 52
15 66 7435
15 67 7217
15 68 7581
15 69 5680
15 70 257
15 71 1575
15 72 5929
15 73 5032
15 74 918
15 75 5678
15 76 2041
15 77 1055
15 78 6750
15 79 7777
15 80 8410
15 81 9304
15 82 4573
15 83 4764
15 84 5918
15 85 7668
15 86 8717
15 87 239
15 88 6164
15 89 9007
15 90 3374
15 91 7609
15 92 3868
15 93 7961
15 94 460
15 95 7101
15 96 2743
15 97 1979
15 98 2956
15 99 4578
15 100 124
16 17 2821
16 18 7956
16 19 -33
16 20 4350
16 21 1352
16 22 6733
16 23 6897
16 24 900
16 25 9289
16 26 281
16 27 1774
16 28 5530
16 29 4882
16 30 4737
16 31 6332
16 32 3220
16 33 3985
16 34 1958
16 35 822
16 36 8258
16 37 7584
16 38 5602
16 39 1083
16 40 637
16 41 5240
16 43 6245
16 44 1021
16 46 7478
16 47 5212
16 48 9334
16 49 8120
16 50 6916
16 52 3167
16 53 5968
16 54 964
16 55 4434
16 56 9306
16 57 4809
16 58 7081
16 59 1632
16 60 3498
16 61 5213
16 62 4663
16 63 9187
16 64 4555
16 65 8192
16 66 2300
16 67 272
16 68 8837
16 70 8363
16 71 5417
16 72 4933
16 73 9727
16 74 4383
16 75 1444
16 76 812
16 77 3421
16 78 6990
16 79 3676
16 80 833
16 81 3115
16 82 2113
16 83 3863
16 84 7776
16 85 4393
16 86 8896
16 87 7325
16 89 8647
16 90 4120
16 91 341
16 92 9136
16 93 6244
16 94 3713
16 95 2285
16 96 7714
16 97 4380
16 98 6283
16 99 6712
16 100 9887
17 18 9388
17 19 4790
17 20 3502
17 21 6958
17 22 6941
17 23 8696
17 24 54
17 25 5003
17 26 5524
17 27 7943
17 28 1128
17 29 2738
17 30 5011
17 31 7202
17 32 2138
17 35 4462
17 36 7557
17 37 4185
17 38 2110
17 39 8754
17 40 9352
17 41 2280
17 42 4870
17 43 9859
17 44 5325
17 45 8111
17 46 4032
17 47 4053
17 48 1369
17 49 488
17 50 4192
17 51 7696
17 52 1164
17 53 342
17 54 9640
17 55 6799
17 56 5875
17 57 2074
17 59 5917
17 60 7850
17 61 5786
17 62 3656
17 63 2576
17 65 2222
17 67 543
17 68 2724
17 69 1073
17 70 3403
17 72 4870
17 73 846
17 74 6985
17 75 4957
17 76 1212
17 77 5764
17 78 3928
17 79 3919
17 80 2732
17 81 773
17 82 2356
17 83 2770
17 84 1155
17 85 3648
17 86 2414
17 87 8844
17 88 7350
17 89 1888
17 90 3589
17 91 9646
17 92 3198
17 93 6530
17 94 1559
17 95 2485
17 96 2146
17 97 2224
17 98 4910
17 99 8641
17 100 9725
18 19 2628
18 20 7049
18 21 9886
18 22 4875
18 23 9487
18 24 2635
18 25 5782
18 26 2881
18 27 6796
18 28 5660
18 29 7401
18 30 2127
18 31 7735
18 33 259
18 34 4966
18 35 999
18 36 2162
18 37 3695
18 38 4512
18 39 9849
18 40 3140
18 41 2199
18 42 2730
18 43 2581
18 44 9146
18 45 303
18 46 147
18 47 5407
18 48 6022
18 49 2964
18 51 9338
18 52 9759
18 53 3254
18 54 9150
18 55 5829
18 56 1698
18 57 4473
18 58 4801
18 59 2506
18 60 1974
18 62 9506
18 63 6201
18 64 7038
18 65 3780
18 66 3817
18 67 9062
18 68 6130
18 69 6724
18 70 6752
18 71 7806
18 72 3501
18 73 1322
18 74 7336
18 75 4436
18 76 9664
18 77 5762
18 78 6135
18 79 5331
18 80 1613
18 81 7560
18 82 5931
18 83 657
18 84 6117
18 85 2416
18 86 2547
18 87 5610
18 88 7497
18 89 67
18 90 4999
18 91 1056
18 92 4406
18 93 7853
18 94 8715
18 95 5868
18 96 1691
18 97 8205
18 98 618
18 99 7590
18 100 1202
19 20 1801
19 21 4959
19 22 3566
19 23 5338
19 24 2859
19 25 829
19 26 9611
19 27 3935
19 28 9268
19 29 5576
19 30 8928
19 31 6901
19 32 9663
19 33 135
19 34 2648
19 35 4077
19 36 542
19 37 7457
19 38 2516
19 39 5583
19 41 8543
19 42 276
19 43 2842
19 44 8396
19 45 5503
19 46 2546
19 47 4137
19 48 8488
19 49 1128
19 50 354
19 51 2810
19 52 7732
19 53 7019
19 54 2578
19 55 2828
19 56 1146
19 57 8257
19 58 -63
19 59 732
19 60 1411
19 61 3920
19 62 2736
19 63 2952
19 64 5553
19 65 5633
19 66 6709
19 68 1292
19 69 4682
19 70 -43
19 71 3693
19 72 6023
19 73 4668
19 74 7595
19 76 6089
19 77 6479
19 78 3963
19 79 1657
19 80 8737
19 81 91
19 82 5169
19 83 3781
19 84 8891
19 85 2606
19 86 8058
19 87 4861
19 88 5361
19 89 7651
19 90 1296
19 91 9837
19 92 3388
19 93 453
19 94 4067
19 95 2124
19 96 2062
19 97 7549
19 98 8366
19 99 632
19 100 1850
20 21 1733
20 22 6998
20 23 8784
20 24 572
20 25 5846
20 26 8851
20 27 9848
20 28 1416
20 29 3923
20 30 9629
20 31 703
20 32 2609
20 33 6546
20 34 6758
20 35 4992
20 36 7958
20 37 2420
20 38 6805
20 39 1547
20 40 6526
20 41 1534
20 42 1326
20 43 91
20 44 4485
20 45 6965
20 46 3286
20 47 1710
20 48 4274
20 49 4804
20 50 4146
20 51 2138
20 53 7873
20 54 3595
20 55 6807
20 56 1136
20 57 4179
20 58 25
20 59 7621
20 60 8243
20 61 1014
20 62 3907
20 63 4790
20 64 3151
20 65 6222
20 66 9723
20 67 5997
20 68 8079
20 69 9162
20 70 2528
20 71 8176
20 72 3538
20 73 7947
20 74 29
20 75 5171
20 76 7115
20 77 3101
20 78 1654
20 79 1475
20 80 7332
20 81 3844
20 82 8649
20 83 9679
20 84 4176
20 85 4476
20 86 7196
20 87 5802
20 88 2240
20 89 6674
20 90 8474
20 91 8097
20 92 8637
20 93 172
20 94 3869
20 95 6005
20 96 9215
20 97 3404
20 98 3017
20 99 8692
20 100 4772
21 22 350
21 23 8265
21 24 4040
21 25 8678
21 26 531
21 27 2251
21 28 9276
21 29 2229
21 30 2967
21 31 7362
21 32 5016
21 33 6084
21 34 8476
21 35 9302
21 36 1110
21 37 7077
21 38 1420
21 39 5303
21 40 6280
21 41 6090
21 42 7439
21 43 8372
21 44 3209
21 45 2964
21 46 1545
21 47 5520
21 48 8190
21 49 7264
21 50 950
21 51 9483
21 52 1821
21 53 2389
21 54 1368
21 55 672
21 56 895
21 57 9688
21 58 5519
21 59 1144
21 60 4156
21 61 4556
21 62 7740
21 63 5707
21 64 8006
21 65 222
21 66 3387
21 67 8546
21 68 3466
21 69 1506
21 70 7988
21 71 7577
21 72 4024
21 73 7375
21 74 9205
21 75 7041
21 76 9007
21 77 1661
21 78 9006
21 79 7177
21 80 6051
21 81 3031
21 82 954
21 83 246
21 84 4318
21 85 1617
21 86 9569
21 87 3246
21 88 4210
21 89 8522
21 90 4116
21 91 8791
21 92 1798
21 93 9776
21 94 2637
21 95 8591
21 96 4656
21 97 9664
21 98 7521
21 99 8297
21 100 2311
22 23 3866
22 24 2793
22 25 729
22 26 7654
22 27 8760
22 28 5578
22 29 2059
22 30 5030
22 31 5716
22 32 8706
22 33 2309
22 34 7779
22 35 8167
22 36 6579
22 37 986
22 38 6265
22 39 1721
22 40 8343
22 41 228
22 42 1498
22 43 8170
22 44 1143
22 45 4751
22 46 7024
22 47 3537
22 48 5061
22 49 9315
22 50 252
22 51 9696
22 52 7944
22 53 366
22 54 8954
22 55 4423
22 56 939
22 57 126
22 58 3956
22 59 2526
22 60 3855
22 61 5888
22 62 749
22 63 1137
22 64 4817
22 65 5781
22 66 8076
22 67 4773
22 68 5169
22 69 7700
22 70 6131
22 71 7802
22 72 6280
22 73 -73
22 74 1176
22 75 1032
22 76 7779
22 77 221
22 78 1427
22 79 7692
22 80 8410
22 81 8583
22 82 1028
22 83 7845
22 84 239
22 85 5655
22 86 3119
22 87 2886
22 88 4062
22 89 9614
22 90 4107
22 91 8421
22 92 8406
22 93 3112
22 94 4323
22 95 2410
22 96 8150
22 97 9754
22 98 1466
22 99 2845
22 100 9079
23 24 5678
23 25 8156
23 26 8655
23 27 3290
23 28 9762
23 29 696
23 30 4325
23 31 5169
23 32 5691
23 33 8898
23 34 1031
23 35 5805
23 36 6037
23 37 7050
23 38 3773
23 39 5125
23 40 9648
23 41 6048
23 42 3316
23 43 1682
23 44 7021
23 45 2831
23 46 3514
23 47 2842
23 48 4022
23 50 4287
23 51 1848
23 52 1797
23 53 -6
23 54 4836
23 55 914
23 56 2432
23 57 5786
23 58 9007
23 59 4996
23 60 5439
23 61 9900
23 62 7967
23 63 9157
23 65 331
23 66 2280
23 67 2968
23 68 1850
23 69 8715
23 70 1325
23 71 7199
23 72 3214
23 73 386
23 74 3811
23 75 1498
23 76 8819
23 77 7937
23 78 5864
23 79 8899
23 80 5662
23 81 4050
23 82 8699
23 83 3312
23 84 1179
23 85 4453
23 86 3772
23 87 8736
23 88 1543
23 89 5272
23 90 6816
23 91 8357
23 92 590
23 93 1901
23 94 9649
23 95 1078
23 96 9344
23 97 8369
23 98 8525
23 99 8002
23 100 1136
24 25 2974
24 26 4713
24 27 6467
24 28 9515
24 29 7111
24 30 9806
24 32 4202
24 33 1207
24 34 6148
24 35 237
24 36 8506
24 38 8751
24 39 2442
24 40 -70
24 41 7260
24 42 8650
24 43 7238
24 44 3028
24 45 5868
24 46 4700
24 47 8593
24 48 8083
24 49 5425
24 50 191
24 51 1271
24 52 9897
24 53 7718
24 54 5718
24 55 8153
24 56 5586
24 57 1906
24 58 2453
24 59 957
24 60 8258
24 61 6017
24 62 8287
24 63 8898
24 64 3225
24 65 7233
24 66 9698
24 67 3603
24 68 9279
24 69 6401
24 70 493
24 71 5562
24 72 6809
24 73 3733
24 74 8089
24 75 8433
24 76 -26
24 77 6010
24 78 15
24 79 5044
24 80 9053
24 81 3912
24 82 1110
24 83 1391
24 84 207
24 85 2074
24 86 5678
24 87 5858
24 88 3565
24 89 2604
24 90 129
24 91 5927
24 92 5891
24 93 1364
24 94 3243
24 95 835
24 96 1007
24 97 7236
24 98 5522
24 99 9344
24 100 3484
25 26 5063
25 27 8408
25 28 4829
25 29 8434
25 30 9134
25 31 9718
25 32 149
25 33 6024
25 34 1415
25 35 2740
25 36 9493
25 37 2564
25 38 2571
25 39 2227
25 40 2647
25 41 8117
25 42 1223
25 43 7859
25 44 5314
25 45 2997
25 46 1535
25 47 7721
25 48 3249
25 49 4837
25 50 4368
25 51 9000
25 52 2836
25 53 7769
25 54 5231
25 55 8566
25 56 7547
25 57 4592
25 58 4783
25 59 8813
25 60 5026
25 61 2624
25 62 3585
25 63 2574
25 64 1571
25 65 5680
25 66 5799
25 67 41
25 68 9642
25 69 9310
25 70 2766
25 71 2050
25 72 3494
25 73 6984
25 74 5562
25 75 7785
25 76 7051
25 77 4519
25 78 9341
25 80 8865
25 81 5711
25 82 3185
25 83 2573
25 84 9883
25 85 439
25 86 8705
25 87 1057
25 88 4658
25 89 1458
25 90 7588
25 91 5946
25 92 9859
25 93 9069
25 94 2479
25 95 578
25 96 3284
25 97 7218
25 98 4564
25 99 7719
25 100 4737
26 27 7171
26 29 1430
26 30 3504
26 31 9075
26 32 5933
26 33 6026
26 35 5797
26 36 3095
26 37 2773
26 38 7841
26 39 4941
26 40 7162
26 41 8838
26 42 4826
26 43 859
26 44 7473
26 45 1667
26 46 2530
26 47 8212
26 48 7434
26 49 1262
26 50 5205
26 51 9001
26 52 2305
26 53 658
26 54 8855
26 55 3512
26 56 1185
26 57 2980
26 58 4803
26 59 5192
26 60 379
26 61 6586
26 62 9699
26 63 7929
26 64 4824
26 65 7297
26 66 875
26 67 588
26 68 1598
26 69 7436
26 70 1061
26 71 7501
26 72 5729
26 73 785
26 74 5725
26 75 8232
26 76 6276
26 77 365
26 78 9515
26 79 177
26 80 9587
26 81 8700
26 82 2596
26 83 2555
26 84 9741
26 85 768
26 86 3344
26 87 9267
26 88 9082
26 89 4098
26 90 869
26 91 4272
26 92 1732
26 93 9535
26 94 2960
26 95 7405
26 96 1950
26 97 1251
26 98 3993
26 99 6691
26 100 5031
27 28 1994
27 29 2620
27 30 7885
27 31 4214
27 32 9196
27 33 9727
27 34 8418
27 35 2717
27 36 8700
27 37 7338
27 38 6929
27 39 7104
27 40 3680
27 41 7052
27 42 6779
27 43 7633
27 44 8567
27 45 1827
27 46 5413
27 47 6214
27 48 2777
27 49 4338
27 50 918
27 51 8293
27 52 1774
27 54 7599
27 55 7987
27 57 7818
27 58 4600
27 59 4399
27 60 55
27 61 9321
27 62 8371
27 63 6659
27 64 1677
27 65 9897
27 66 3167
27 67 8048
27 68 471
27 69 8660
27 70 6118
27 71 355
27 72 2944
27 73 4924
27 74 6351
27 75 755
27 76 2446
27 77 5622
27 78 5865
27 79 6137
27 80 8860
27 81 5272
27 82 2783
27 83 6689
27 84 1503
27 85 6141
27 86 1252
27 87 1648
27 88 4956
27 89 1264
27 90 7599
27 91 2525
27 92 8932
27 93 2799
27 94 4703
27 95 2375
27 96 7821
27 97 7385
27 98 8289
27 99 196
27 100 7248
28 29 7171
28 30 2177
28 31 6381
28 32 7964
28 33 1751
28 34 737
28 35 9351
28 36 5361
28 37 9531
28 38 6012
28 39 4816
28 40 6572
28 41 9351
28 42 3117
28 43 2857
28 44 5444
28 45 6675
28 46 1698
28 47 1654
28 48 9252
28 49 5381
28 50 1791
28 51 1650
28 52 7870
28 53 6726
28 54 3565
28 55 8752
28 56 8162
28 57 9712
28 58 1958
28 59 6833
28 60 1048
28 61 5351
28 62 9783
28 63 3768
28 64 3855
28 65 8100
28 66 403
28 67 328
28 68 376
28 69 313
28 70 8039
28 71 5778
28 72 3255
28 73 5402
28 74 1838
28 75 3808
28 76 5600
28 77 3114
28 78 8028
28 79 2132
28 80 8919
28 81 6661
28 82 2318
28 84 3115
28 85 3396
28 86 8284
28 87 8183
28 89 6722
28 90 9089
28 91 3982
28 92 6402
28 93 3534
28 94 9082
28 95 1335
28 96 9246
28 97 8008
28 98 7130
28 100 3926
29 30 4589
29 31 5386
29 32 4054
29 33 9649
29 34 6877
29 35 572
29 36 5773
29 37 6895
29 38 2057
29 39 1497
29 40 859
29 41 7119
29 42 5374
29 43 2452
29 44 6520
29 45 3856
29 46 504
29 47 9709
29 48 6731
29 49 2288
29 50 8170
29 51 6953
29 52 5775
29 53 9196
29 54 9205
29 55 5149
29 56 4276
29 57 1441
29 58 28
29 59 7478
29 60 678
29 61 9594
29 62 2383
29 63 4923
29 64 5617
29 65 1374
29 66 5986
29 67 693
29 68 1940
29 69 1241
29 71 7597
29 72 648
29 73 6027
29 74 6869
29 75 4899
29 76 1623
29 77 9748
29 78 4367
29 79 3897
29 80 6305
29 81 2754
29 82 322
29 83 9380
29 84 7623
29 85 1260
29 86 7687
29 87 9617
29 88 5396
29 89 2563
29 90 7724
29 91 4151
29 92 4931
29 93 6008
29 94 8720
29 95 4080
29 96 5583
29 97 3767
29 98 1756
29 99 9577
29 100 5120
30 31 9385
30 32 7209
30 33 3267
30 34 7988
30 35 6884
30 36 3434
30 37 878
30 38 7348
30 39 9744
30 40 2701
30 41 8367
30 42 3210
30 43 3407
30 44 9145
30 45 3723
30 46 2037
30 47 1134
30 48 2722
30 49 8895
30 50 4216
30 51 200
30 52 4614
30 53 1285
30 54 9297
30 55 2603
30 56 5987
30 57 9472
30 58 5777
30 59 123
30 60 8330
30 61 2683
30 62 4682
30 63 6387
30 64 6273
30 65 5230
30 66 8948
30 67 3307
30 68 4116
30 69 5049
30 70 7396
30 71 2966
30 72 204
30 73 5836
30 74 7175
30 75 9876
30 76 2491
30 77 917
30 78 6757
30 79 2659
30 80 8458
30 81 4845
30 82 1712
30 83 7211
30 84 4570
30 85 7269
30 86 4026
30 87 1318
30 88 5882
30 89 4458
30 90 7
30 91 7027
30 92 3886
30 93 492
30 94 7674
30 95 6088
30 96 9012
30 97 2006
30 98 3875
30 99 2201
30 100 6656
31 32 4292
31 33 1877
31 34 9656
31 35 6502
31 36 4595
31 37 2690
31 38 7053
31 39 3551
31 40 7498
31 41 6337
31 42 6047
31 43 172
31 44 6340
31 45 1341
31 46 2000
31 47 6188
31 48 1857
31 49 2558
31 50 4765
31 51 9821
31 52 1443
31 53 4707
31 54 4157
31 55 8068
31 56 9224
31 57 6595
31 58 6164
31 59 7819
31 60 1155
31 61 4398
31 62 3324
31 63 1305
31 64 7205
31 65 7745
31 66 2486
31 68 9406
31 69 7362
31 70 2237
31 71 3855
31 72 259
31 73 1951
31 74 7230
31 75 6513
31 76 7469
31 77 5136
31 78 3245
31 79 1624
31 80 7910
31 81 3382
31 82 5451
31 83 9277
31 84 155
31 85 2736
31 86 7638
31 87 7357
31 88 8535
31 89 6404
31 90 9691
31 91 1983
31 92 6447
31 93 826
31 94 7329
31 95 4301
31 96 8640
31 97 9753
31 98 8344
31 99 4750
31 100 9773
32 33 5788
32 34 8446
32 35 3352
32 36 9240
32 39 182
32 40 1155
32 41 5664
32 42 4011
32 43 9225
32 44 6881
32 45 8766
32 46 8524
32 47 6494
32 48 1167
32 49 534
32 50 -72
32 51 7017
32 52 4585
32 53 2645
32 54 7151
32 55 1092
32 56 3593
32 57 7354
32 58 6795
32 59 3790
32 60 7750
32 61 2890
32 62 1092
32 63 6786
32 64 9559
32 65 2020
32 66 8387
32 67 2230
32 68 7567
32 69 9378
32 70 9578
32 71 5078
32 72 5132
32 73 215
32 74 6792
32 75 6348
32 76 1229
32 77 8032
32 78 6652
32 79 5240
32 80 9705
32 81 617
32 82 275
32 83 4645
32 84 1824
32 85 5088
32 86 1683
32 87 2512
32 88 2192
32 89 6040
32 90 8196
32 91 2449
32 92 2903
32 93 9094
32 94 5225
32 95 3927
32 96 4232
32 97 7171
32 98 2876
32 99 177
32 100 7432
33 34 8378
33 35 2019
33 36 3078
33 37 3892
33 38 799
33 39 5422
33 40 5527
33 41 8883
33 42 7041
33 43 8298
33 44 5177
33 46 6031
33 47 1721
33 48 3017
33 49 3386
33 50 1780
33 51 7942
33 52 1486
33 53 949
33 54 3655
33 55 9484
33 56 1428
33 57 2302
33 58 1314
33 59 8104
33 60 1910
33 61 350
33 62 9646
33 63 2860
33 64 3876
33 65 8570
33 66 8218
33 67 7339
33 69 1645
33 70 8883
33 72 1950
33 73 6238
33 74 2309
33 75 967
33 76 9192
33 77 6186
33 78 5510
33 79 5352
33 80 9449
33 81 3042
33 82 1844
33 83 3123
33 84 5537
33 85 2721
33 86 4750
33 87 9393
33 88 -99
33 89 3153
33 90 3873
33 91 4582
33 92 3854
33 93 6319
33 94 6566
33 95 2700
33 96 8503
33 97 8334
33 98 1957
33 99 5518
33 100 6486
34 35 8941
34 36 8905
34 37 4829
34 38 5349
34 39 7994
34 40 3457
34 41 784
34 43 7223
34 44 1889
34 45 1394
34 46 5965
34 47 4591
34 48 4093
34 49 4382
34 50 5533
34 51 3697
34 52 418
34 53 7852
34 54 6468
34 55 1285
34 56 9123
34 57 3405
34 58 733
34 59 4928
34 60 3829
34 61 9370
34 62 7705
34 63 5269
34 64 341
34 65 3780
34 66 6651
34 67 7836
34 68 7706
34 69 7225
34 70 8571
34 71 259
34 72 7977
34 73 4371
34 74 6443
34 75 2552
34 76 5339
34 77 703
34 78 7345
34 79 7689
34 80 1652
34 81 9051
34 82 3500
34 83 3416
34 85 3815
34 86 4660
34 87 8019
34 88 3596
34 89 5977
34 90 8864
34 91 5003
34 92 6907
34 93 7106
34 94 5487
34 95 4480
34 96 9788
34 97 3673
34 98 8440
34 99 6470
34 100 1395
35 36 5630
35 37 9646
35 38 3968
35 39 7955
35 40 2419
35 41 5082
35 42 5131
35 43 9466
35 45 2877
35 46 1966
35 47 5299
35 48 4809
35 49 2400
35 50 4849
35 51 8896
35 52 3045
35 53 2722
35 54 9739
35 55 5355
35 56 6687
35 57 7025
35 58 3465
35 59 1123
35 60 7606
35 61 7286
35 62 5407
35 63 1431
35 64 5851
35 65 6743
35 66 5159
35 67 7971
35 68 4835
35 69 6552
35 70 2593
35 71 9004
35 72 7443
35 73 9072
35 74 5017
35 75 4139
35 76 6547
35 77 7197
35 78 25
35 79 5435
35 80 4885
35 81 8808
35 82 2041
35 83 4768
35 84 647
35 85 293
35 86 7368
35 87 2443
35 88 536
35 89 3861
35 90 4223
35 91 4346
35 92 3389
35 93 6116
35 94 5087
35 95 3283
35 96 6968
35 97 8333
35 98 841
35 99 2025
35 100 812
36 37 5806
36 39 4338
36 40 5490
36 41 990
36 42 3352
36 43 722
36 44 5979
36 45 6591
36 46 907
36 47 7709
36 48 7909
36 49 8790
36 50 6060
36 51 5317
36 52 9204
36 53 8887
36 54 3334
36 55 2727
36 56 9448
36 57 3889
36 58 8643
36 60 4121
36 62 2629
36 63 5561
36 64 6815
36 65 4204
36 66 4599
36 68 5255
36 69 868
36 70 1143
36 71 1912
36 72 7958
36 73 8445
36 74 9100
36 75 3440
36 77 8237
36 78 8438
36 79 6966
36 80 7415
36 81 1331
36 82 8736
36 83 9181
36 84 252
36 85 1045
36 86 9158
36 87 7559
36 88 5278
36 89 1799
36 90 8845
36 91 9175
36 92 2759
36 93 8200
36 94 2915
36 95 8385
36 96 824
36 97 4687
36 98 3300
36 99 1594
36 100 6683
37 38 7661
37 39 9217
37 40 8120
37 41 36
37 42 9824
37 43 5911
37 44 4768
37 45 9222
37 46 227
37 47 4522
37 48 4709
37 49 5713
37 50 4702
37 51 344
37 52 6414
37 53 1624
37 54 4177
37 55 1395
37 56 2015
37 57 825
37 58 4176
37 59 8714
37 60 206
37 61 4364
37 62 3695
37 63 9808
37 64 3606
37 65 5947
37 66 7715
37 67 8467
37 68 7240
37 69 7722
37 70 7603
37 71 8412
37 72 9408
37 73 8266
37 74 6386
37 75 7091
37 76 1249
37 77 810
37 78 684
37 79 7574
37 80 6788
37 81 5483
37 82 4504
37 83 7024
37 84 7931
37 85 1321
37 86 9817
37 87 3378
37 88 7525
37 89 7062
37 90 1200
37 91 7452
37 93 4907
37 94 4554
37 95 9121
37 96 9090
37 97 3380
37 98 9413
37 99 3525
37 100 1901
38 39 7276
38 40 2334
38 41 -4
38 42 2988
38 43 6361
38 44 8756
38 45 4261
38 46 3474
38 47 5730
38 48 985
38 49 3221
38 50 8312
38 51 4969
38 52 108
38 53 1526
38 54 3597
38 55 4397
38 57 2844
38 58 3556
38 59 7826
38 60 3089
38 61 4061
38 62 3632
38 63 5011
38 64 2701
38 65 1075
38 66 6243
38 67 2711
38 68 44
38 69 9164
38 70 6375
38 71 4933
38 72 889
38 73 3250
38 75 4910
38 76 1274
38 77 5065
38 78 3710
38 79 6009
38 80 4807
38 81 9391
38 82 2126
38 83 5398
38 84 891
38 85 8050
38 86 3318
38 87 9556
38 88 -76
38 89 6386
38 90 5761
38 91 3780
38 92 9324
38 93 9132
38 94 8455
38 95 166
38 96 3878
38 97 4623
38 98 2407
38 99 9023
38 100 855
39 40 4166
39 41 4688
39 42 4930
39 43 2501
39 44 7387
39 45 9867
39 47 7720
39 48 3694
39 49 4236
39 50 3492
39 51 2338
39 52 149
39 53 365
39 54 3569
39 55 4267
39 56 6339
39 57 762
39 58 4629
39 59 2802
39 60 2229
39 61 6993
39 62 7077
39 63 4803
39 64 2113
39 65 4393
39 66 4313
39 67 1267
39 68 1003
39 69 4677
39 70 1098
39 71 2121
39 72 8579
39 73 8692
39 74 8312
39 75 5533
39 76 3133
39 77 7070
39 78 5785
39 79 48
39 80 7978
39 81 3281
39 82 8427
39 83 4716
39 84 7048
39 85 7657
39 86 6485
39 87 8125
39 88 2459
39 89 3134
39 90 6682
39 91 -16
39 92 2337
39 93 4567
39 94 4891
39 95 2032
39 96 9887
39 97 5885
39 98 6183
39 99 4662
39 100 8483
40 41 9610
40 42 2674
40 43 7028
40 44 684
40 45 8571
40 46 -69
40 47 8624
40 48 6437
40 49 8348
40 50 220
40 51 3105
40 52 6106
40 53 5219
40 54 2003
40 55 3211
40 56 5750
40 57 2595
40 58 9770
40 59 5370
40 60 9759
40 61 1402
40 62 3757
40 63 3992
40 64 1287
40 65 7647
40 66 1713
40 67 3604
40 68 2404
40 69 1913
40 70 9484
40 72 3710
40 73 5529
40 74 924
40 75 3454
40 76 8183
40 77 6448
40 78 9688
40 79 4329
40 80 9331
40 81 4704
40 82 6274
40 83 6813
40 84 4390
40 85 6805
40 86 5654
40 87 6911
40 88 582
40 89 1503
40 90 1295
40 91 3177
40 92 7039
40 93 7681
40 94 3029
40 95 6794
40 96 3918
40 97 8111
40 98 2178
40 99 5104
40 100 7261
41 42 3729
41 43 9859
41 44 4468
41 45 4679
41 47 4612
41 48 5594
41 49 4116
41 50 9252
41 51 9849
41 52 9856
41 53 8277
41 54 4400
41 55 661
41 56 3232
41 57 2724
41 58 4149
41 59 8481
41 60 1438
41 61 3583
41 62 4214
41 63 7553
41 64 2471
41 65 700
41 66 8012
41 67 5236
41 68 -19
41 69 8742
41 71 2044
41 73 4649
41 74 7702
41 75 8047
41 76 267
41 77 8502
41 78 5759
41 79 5058
41 80 344
41 82 9080
41 83 5445
41 84 7844
41 85 9344
41 86 6318
41 87 653
41 88 2334
41 89 1299
41 90 1991
41 91 1206
41 92 1130
41 93 7966
41 94 5714
41 95 5964
41 96 5293
41 97 4451
41 98 7948
41 99 7331
41 100 7445
42 43 1729
42 44 1559
42 45 9662
42 46 8265
42 47 6063
42 48 2599
42 49 114
42 50 1836
42 51 6053
42 52 5618
42 53 7125
42 54 1534
42 55 7825
42 56 7437
42 57 1744
42 58 6374
42 59 6947
42 60 2035
42 61 9762
42 62 4461
42 64 1388
42 65 5621
42 66 4702
42 67 3406
42 69 239
42 70 1793
42 71 8391
42 72 9894
42 73 1057
42 74 8240
42 75 1251
42 76 2169
42 77 3983
42 78 1741
42 79 2016
42 80 9217
42 81 21
42 82 6153
42 83 3618
42 84 1630
42 85 733
42 86 5780
42 87 150
42 88 2701
42 89 1545
42 90 6312
42 91 4829
42 92 1353
42 93 5243
42 94 5001
42 95 6482
42 96 -35
42 97 3827
42 98 4866
42 99 8281
42 100 7163
43 44 9351
43 45 9745
43 46 2168
43 47 694
43 48 8666
43 49 2325
43 50 5300
43 51 2667
43 52 6640
43 53 9466
43 54 3895
43 55 1135
43 56 6527
43 57 8907
43 58 9283
43 59 8687
43 60 3064
43 61 5081
43 62 4490
43 63 517
43 64 1363
43 65 1701
43 66 1686
43 67 4600
43 68 7511
43 69 8854
43 70 5191
43 71 7452
43 72 9002
43 73 8635
43 74 6963
43 75 7281
43 76 3359
43 77 4525
43 78 1951
43 79 3035
43 80 2918
43 81 1496
43 82 5682
43 83 6380
43 84 1553
43 85 858
43 86 1302
43 87 7725
43 88 8783
43 89 5743
43 90 8420
43 91 9799
43 92 3026
43 93 5263
43 94 5082
43 95 7088
43 96 5839
43 97 5746
43 98 9867
43 99 3953
43 100 2396
44 45 9836
44 46 6898
44 47 4310
44 48 222
44 49 5559
44 50 5667
44 51 7790
44 53 2874
44 54 1847
44 55 -70
44 56 7371
44 57 9034
44 58 9028
44 59 6068
44 60 7025
44 61 8139
44 62 8475
44 63 3336
44 64 8222
44 65 8945
44 66 8280
44 67 3133
44 68 4780
44 69 7305
44 70 141
44 71 78
44 72 260
44 73 6518
44 74 5564
44 75 8706
44 76 6441
44 78 2336
44 79 6619
44 80 9122
44 81 3447
44 82 3833
44 83 5609
44 84 8555
44 85 5882
44 87 318
44 88 5509
44 89 1584
44 90 1328
44 91 9044
44 92 9567
44 93 4651
44 94 8648
44 95 5288
44 96 8916
44 97 3492
44 98 7257
44 99 3598
44 100 2312
45 46 2388
45 47 2141
45 48 9570
45 49 2283
45 50 8035
45 51 8196
45 52 1190
45 53 7204
45 54 4203
45 55 1745
45 56 775
45 57 2376
45 58 3015
45 59 8096
45 60 2395
45 61 3288
45 62 -72
45 63 6242
45 64 5781
45 65 2727
45 66 1804
45 67 9094
45 68 7760
45 69 8422
45 70 4763
45 71 979
45 72 3267
45 73 4918
45 74 2091
45 75 9557
45 76 2164
45 77 5844
45 78 973
45 79 4707
45 80 7275
45 81 5994
45 82 7086
45 83 215
45 84 6537
45 85 376
45 86 3088
45 87 3964
45 88 3349
45 89 8434
45 90 624
45 91 2681
45 92 580
45 93 5055
45 94 3665
45 95 7111
45 96 239
45 97 8039
45 98 6846
45 99 7763
45 100 5903
46 47 5391
46 48 2504
46 49 3516
46 50 4047
46 51 8807
46 52 4031
46 53 4138
46 54 207
46 55 3520
46 56 5657
46 57 399
46 58 152
46 59 4123
46 60 795
46 61 5208
46 62 2127
46 63 2753
46 65 4111
46 66 3119
46 68 8122
46 70 6562
46 71 8290
46 72 5568
46 73 1392
46 74 213
46 75 8561
46 76 5716
46 77 3158
46 78 5155
46 80 6866
46 81 1967
46 82 6353
46 83 4507
46 85 2786
46 86 8458
46 87 2880
46 88 7384
46 89 5817
46 90 3298
46 91 4046
46 92 6227
46 93 9066
46 94 5807
46 95 3216
46 96 274
46 97 9415
46 98 5451
46 100 66
47 48 1999
47 49 4909
47 50 9486
47 51 8250
47 52 2270
47 53 5304
47 54 1835
47 55 3825
47 56 5500
47 57 4662
47 58 6311
47 59 2653
47 60 8718
47 61 975
47 62 1950
47 64 17
47 65 4333
47 66 5941
47 67 2314
47 68 2665
47 69 8795
47 70 6265
47 71 1291
47 72 6578
47 73 1298
47 74 5057
47 75 9626
47 76 -25
47 77 2812
47 78 4977
47 79 3387
47 80 989
47 81 495
47 82 9594
47 83 5841
47 84 3647
47 85 7131
47 86 3188
47 87 3171
47 88 1482
47 89 3522
47 90 7729
47 91 2404
47 92 460
47 93 3332
47 94 3245
47 95 4363
47 96 820
47 97 6057
47 98 7776
47 99 2553
47 100 1039
48 49 7911
48 50 274
48 51 3312
48 52 8516
48 53 268
48 54 3825
48 55 2388
48 56 7714
48 57 397
48 58 5201
48 59 9422
48 60 3481
48 61 9694
48 62 5119
48 63 8188
48 64 9351
48 65 1718
48 66 8239
48 67 3736
48 68 2774
48 69 3158
48 70 6598
48 71 9745
48 72 4041
48 73 9561
48 74 1045
48 75 3862
48 76 1716
48 77 4891
48 78 4799
48 79 2325
48 80 7229
48 81 5033
48 82 6852
48 83 8038
48 84 7115
48 85 934
48 86 4967
48 87 8331
48 88 8030
48 90 936
48 91 3440
48 92 7470
48 93 8604
48 94 3537
48 95 5933
48 96 2026
48 97 356
48 98 7194
48 99 9072
48 100 9331
49 50 7621
49 51 1971
49 52 7214
49 53 5456
49 54 -24
49 55 2297
49 56 9410
49 57 8468
49 58 3333
49 60 6586
49 61 6312
49 62 4735
49 63 3486
49 64 5179
49 65 7467
49 66 9376
49 67 4088
49 68 4062
49 69 7278
49 70 3799
49 71 7266
49 72 7543
49 73 237
49 74 8035
49 75 1938
49 76 1973
49 77 8798
49 78 4314
49 79 6787
49 80 5686
49 81 5970
49 83 5729
49 84 8544
49 85 1247
49 86 8933
49 88 6751
49 89 5713
49 90 3202
49 91 3396
49 92 1039
49 93 4894
49 94 5442
49 95 7355
49 96 9124
49 97 5784
49 98 3656
49 99 3905
49 100 9513
50 51 628
50 52 2500
50 53 9300
50 54 5391
50 55 2105
50 56 9553
50 57 1194
50 58 568
50 59 3570
50 60 987
50 61 601
50 62 5239
50 63 9236
50 64 7935
50 65 7740
50 66 8000
50 67 6561
50 68 7194
50 69 5929
50 70 8952
50 71 4105
50 72 7668
50 73 5708
50 74 8430
50 75 5094
50 76 8383
50 77 8824
50 78 8405
50 79 6204
50 80 9292
50 81 1923
50 82 6915
50 83 929
50 84 3487
50 85 1490
50 86 8577
50 87 1382
50 88 1552
50 89 4705
50 90 8828
50 91 3550
50 92 8266
50 93 8806
50 94 635
50 95 6631
50 96 4851
50 97 9830
50 98 687
50 99 1046
50 100 218
51 52 2894
51 53 8897
51 54 1129
51 55 1394
51 56 461
51 57 5133
51 58 5478
51 59 7262
51 60 7877
51 61 9352
51 62 9692
51 63 4758
51 64 7203
51 65 9144
51 66 6086
51 67 7725
51 68 7469
51 69 1850
51 70 5608
51 71 3295
51 72 5370
51 73 5780
51 74 1993
51 75 6404
51 76 5685
51 77 8555
51 78 6434
51 79 5439
51 81 4710
51 82 7925
51 83 1595
51 84 6327
51 85 2185
51 86 7287
51 87 544
51 88 8296
51 89 1929
51 90 5261
51 91 3556
51 92 8406
51 93 2775
51 94 9060
51 95 6766
51 96 9038
51 97 9421
51 98 1496
51 99 3820
51 100 5562
52 53 6027
52 54 2945
52 55 9048
52 56 3430
52 57 1061
52 58 4128
52 59 8367
52 60 2724
52 62 235
52 63 2652
52 64 6814
52 65 7190
52 66 9203
52 67 8894
52 68 8810
52 69 5430
52 70 2518
52 71 4689
52 72 8385
52 73 8824
52 74 2072
52 75 8096
52 76 3991
52 77 2978
52 78 4542
52 79 7772
52 80 6955
52 81 3505
52 82 561
52 83 2621
52 84 944
52 85 9150
52 86 6770
52 87 9127
52 88 1692
52 89 6948
52 90 2373
52 91 1007
52 92 9676
52 93 8214
52 94 6078
52 95 7523
52 96 1030
52 97 353
52 98 2440
52 99 9872
52 100 8646
53 54 8651
53 55 8457
53 56 6567
53 57 6797
53 58 7333
53 59 8698
53 60 4875
53 61 4225
53 62 2986
53 63 7576
53 64 8519
53 65 7131
53 66 2024
53 67 2528
53 68 7696
53 69 4066
53 70 3797
53 71 1664
53 72 5328
53 73 2854
53 74 6206
53 76 3958
53 77 2324
53 78 8579
53 79 5925
53 80 4697
53 81 3900
53 82 6855
53 83 9018
53 84 3592
53 85 1991
53 87 6137
53 88 6953
53 89 7201
53 90 6712
53 91 7215
53 92 5347
53 93 129
53 95 8726
53 96 8734
53 97 2059
53 98 2881
53 99 2492
53 100 4752
54 55 1097
54 56 8990
54 57 5378
54 58 5031
54 59 2907
54 60 5765
54 61 6207
54 62 2976
54 63 5008
54 64 7700
54 65 3792
54 66 5653
54 67 922
54 68 7910
54 69 5964
54 70 7440
54 71 4263
54 72 3353
54 73 1996
54 74 6073
54 75 7283
54 76 8986
54 77 2732
54 78 4770
54 79 6484
54 80 9895
54 81 381
54 83 6375
54 84 8549
54 85 4921
54 86 8713
54 87 3344
54 88 540
54 89 5911
54 90 4281
54 91 8706
54 92 3940
54 93 9122
54 94 1214
54 95 745
54 96 8769
54 97 5266
54 98 1428
54 99 8124
54 100 9031
55 56 2829
55 57 6283
55 58 5134
55 60 3469
55 61 8236
55 62 727
55 63 6003
55 64 5220
55 65 7345
55 66 1436
55 67 3132
55 68 8818
55 69 6940
55 70 3517
55 71 9004
55 72 8694
55 73 5449
55 74 4205
55 75 1825
55 76 8212
55 77 5349
55 78 623
55 79 7174
55 81 7637
55 82 147
55 83 7172
55 84 1542
55 85 2563
55 87 8031
55 88 2436
55 89 3542
55 90 3731
55 91 8870
55 92 1587
55 93 2924
55 94 4936
55 95 1487
55 96 3379
55 97 6150
55 98 3122
55 99 9295
55 100 770
56 57 2731
56 58 6937
56 59 1559
56 60 3890
56 61 2573
56 62 1427
56 63 6569
56 64 5815
56 65 3356
56 66 36
56 67 5982
56 68 8609
56 69 8513
56 70 1224
56 71 2114
56 72 2063
56 73 9171
56 74 1700
56 75 9544
56 76 4251
56 77 3234
56 78 6405
56 79 -80
56 80 6794
56 81 2076
56 82 6470
56 83 8826
56 84 2822
56 85 9598
56 86 7817
56 87 5394
56 88 7360
56 89 5464
56 90 6969
56 91 2769
56 92 3637
56 93 4384
56 94 3744
56 95 3654
56 96 9626
56 97 1514
56 98 4565
56 99 3483
57 58 1765
57 59 1072
57 61 4260
57 62 9250
57 63 8526
57 64 5380
57 65 6989
57 66 1662
57 67 9203
57 68 2747
57 69 5250
57 70 8706
57 71 5385
57 72 3921
57 73 5071
57 74 1376
57 75 2303
57 76 9626
57 78 6808
57 79 5371
57 80 5702
57 81 3891
57 82 952
57 83 2125
57 84 4138
57 85 6636
57 87 8689
57 88 4738
57 89 3625
57 90 -18
57 91 1245
57 92 1906
57 93 9696
57 94 7980
57 95 3896
57 96 656
57 97 2099
57 98 9272
57 99 8473
57 100 436
58 59 2183
58 60 2402
58 61 712
58 62 234
58 63 7270
58 64 349
58 65 2614
58 66 3161
58 67 484
58 68 5170
58 69 8123
58 70 974
58 71 8904
58 72 8651
58 73 741
58 74 6546
58 75 2637
58 76 7797
58 77 568
58 78 8581
58 79 1535
58 80 9416
58 81 4452
58 82 2257
58 83 2678
58 84 8741
58 85 1036
58 86 4232
58 87 2618
58 88 6331
58 89 1553
58 90 7627
58 91 971
58 92 7376
58 93 730
58 94 615
58 95 1056
58 96 6205
58 97 5120
58 98 4204
58 99 4117
59 60 3665
59 61 5964
59 62 3189
59 66 642
59 67 8273
59 68 7829
59 69 1635
59 70 6614
59 71 9677
59 72 3756
59 73 8198
59 74 1857
59 75 3131
59 76 9568
59 77 750
59 78 2923
59 79 7327
59 80 2561
59 81 1916
59 82 5826
59 83 9626
59 84 7506
59 85 8265
59 86 3515
59 87 8322
59 88 7137
59 89 4404
59 90 9112
59 91 4572
59 92 9900
59 93 2370
59 94 6885
59 95 2188
59 96 9429
59 97 5341
59 98 8064
59 99 3429
59 100 5244
60 61 1671
60 62 5202
60 63 277
60 64 5567
60 65 4925
60 66 4660
60 67 4321
60 68 7104
60 69 9139
60 70 2757
60 71 5371
60 72 6199
60 73 1990
60 74 7024
60 75 3989
60 76 6426
60 77 5479
60 78 9355
60 79 7462
60 80 6432
60 81 1903
60 82 -80
60 83 4222
60 84 8360
60 85 1832
60 86 8825
60 87 5874
60 88 9294
60 89 597
60 90 1576
60 91 2981
60 92 4219
60 93 2895
60 94 5467
60 95 3191
60 96 3074
60 97 7664
60 98 1692
60 99 2678
60 100 37
61 62 2081
61 63 4887
61 64 6640
61 65 848
61 66 5491
61 67 5829
61 68 9502
61 69 4934
61 71 9432
61 72 9805
61 73 7153
61 74 5419
61 75 866
61 76 821
61 77 4632
61 78 2600
61 79 5525
61 80 4590
61 81 1577
61 82 237
61 83 3807
61 84 7023
61 85 9667
61 86 9077
61 87 2085
61 88 9876
61 89 9195
61 90 1870
61 91 1848
61 92 3316
61 93 3541
61 94 5495
61 95 2125
61 97 1542
61 98 8995
61 99 7930
61 100 8651
62 63 6419
62 65 794
62 66 5842
62 67 1846
62 68 6415
62 69 792
62 70 2058
62 71 9762
62 72 1475
62 73 8318
62 74 9344
62 75 317
62 76 8180
62 77 8214
62 79 4003
62 80 4278
62 81 9794
62 82 390
62 83 4278
62 84 1218
62 85 692
62 86 3299
62 87 5688
62 88 8197
62 89 2911
62 90 1331
62 91 1992
62 92 5986
62 93 3618
62 94 4257
62 95 3247
62 96 8618
62 97 1021
62 98 6382
62 99 4666
62 100 3389
63 64 2880
63 65 7249
63 66 6397
63 67 9021
63 68 5763
63 69 7693
63 70 9240
63 71 9849
63 72 7623
63 73 4023
63 74 3835
63 75 4545
63 76 4061
63 77 4992
63 78 1006
63 79 4954
63 80 9836
63 81 5743
63 82 7198
63 83 6359
63 84 4904
63 85 5222
63 86 566
63 87 590
63 88 4286
63 89 9452
63 90 1966
63 91 666
63 92 2173
63 93 9886
63 94 4373
63 95 1696
63 96 5310
63 97 385
63 98 5382
63 99 7637
63 100 7659
64 65 187
64 66 6686
64 67 2376
64 68 4707
64 69 1898
64 70 850
64 71 9750
64 72 6187
64 73 2349
64 74 776
64 75 945
64 76 7530
64 78 3349
64 79 4245
64 80 9857
64 81 5384
64 82 66
64 83 3597
64 84 8749
64 85 9699
64 86 5717
64 87 5979
64 88 6745
64 89 3276
64 90 5647
64 91 3327
64 92 3808
64 93 1482
64 94 7433
64 95 1273
64 96 9223
64 97 6094
64 98 470
64 99 4841
64 100 1811
65 66 7238
65 67 6506
65 68 6248
65 69 5696
65 70 9847
65 71 3898
65 72 9378
65 73 7617
65 74 9676
65 75 6816
65 76 4977
65 77 5368
65 78 458
65 79 9835
65 80 9671
65 81 3380
65 82 5712
65 83 5663
65 84 -12
65 85 5635
65 86 6203
65 87 2551
65 88 4097
65 89 820
65 90 6647
65 91 9195
65 92 3409
65 93 7734
65 94 1484
65 95 6370
65 96 3438
65 97 9454
65 98 5980
65 99 8419
65 100 5584
66 67 337
66 68 4397
66 69 2851
66 70 7867
66 71 60
66 73 4017
66 74 8591
66 75 5441
66 76 3243
66 77 2480
66 78 297
66 79 9400
66 80 2572
66 81 1222
66 82 2358
66 83 3545
66 84 7151
66 85 7399
66 86 9149
66 87 5140
66 88 7777
66 89 6958
66 90 6025
66 91 1666
66 92 3314
66 93 6947
66 94 7442
66 95 8705
66 96 502
66 97 2927
66 98 2899
66 99 3999
66 100 9289
67 68 4396
67 69 1132
67 70 8247
67 71 8126
67 72 7951
67 73 7821
67 74 9065
67 75 9296
67 76 5676
67 77 9373
67 78 9531
67 79 6135
67 80 9739
67 81 6597
67 82 7978
67 83 -79
67 84 9180
67 85 3470
67 86 4256
67 88 324
67 89 3167
67 90 -97
67 91 2331
67 92 6177
67 93 9097
67 94 6939
67 95 1923
67 96 2946
67 97 4265
67 98 8929
67 99 4946
67 100 9186
68 69 8718
68 70 5662
68 71 9619
68 72 1830
68 73 4590
68 74 6428
68 77 520
68 78 4064
68 79 5934
68 80 7633
68 81 8631
68 82 6435
68 83 8148
68 84 9684
68 85 5792
68 86 8867
68 87 2012
68 88 6682
68 89 8369
68 90 1105
68 91 4332
68 93 332
68 94 663
68 95 231
68 97 5558
68 98 3300
68 99 3481
68 100 2174
69 70 4357
69 71 5866
69 72 5527
69 73 1365
69 74 6387
69 75 3420
69 76 4022
69 77 8418
69 78 5094
69 79 5907
69 80 3896
69 81 358
69 82 2576
69 83 3223
69 84 4038
69 85 1521
69 86 6683
69 87 9275
69 88 7873
69 89 745
69 90 9674
69 91 3850
69 92 3379
69 93 4786
69 94 7739
69 95 3995
69 96 538
69 97 9351
69 98 8879
69 99 4518
69 100 2574
70 71 4440
70 72 8081
70 73 8769
70 74 8823
70 75 3316
70 76 9359
70 77 2997
70 78 6070
70 79 5998
70 80 963
70 81 5597
70 82 7256
70 83 4519
70 84 1830
70 85 9174
70 86 2722
70 87 8426
70 88 8457
70 89 355
70 90 5317
70 91 5118
70 92 8939
70 93 6072
70 94 1740
70 95 7
70 96 2350
70 97 9441
70 98 6369
70 99 627
70 100 1216
71 72 2550
71 73 9146
71 74 9347
71 75 2286
71 76 4956
71 77 8277
71 78 1762
71 79 5619
71 80 4383
71 81 1504
71 82 9480
71 83 7598
71 84 2480
71 85 8250
71 86 9276
71 87 6421
71 88 9357
71 89 2685
71 90 1966
71 91 9687
71 92 1712
71 93 3258
71 94 3695
71 95 7288
71 96 5712
71 97 1306
71 98 5342
71 99 5165
71 100 2804
72 73 8054
72 74 6218
72 75 252
72 76 7690
72 77 964
72 78 900
72 79 2047
72 80 5165
72 81 4222
72 82 1029
72 83 9757
72 84 2915
72 85 295
72 86 6584
72 87 797
72 88 55
72 89 5901
72 90 63
72 91 4969
72 92 7588
72 93 6177
72 94 6405
72 95 8618
72 96 2997
72 97 6829
72 98 1429
72 99 9400
72 100 3855
73 74 3193
73 75 3001
73 76 2753
73 77 32
73 78 73
73 79 2199
73 80 9347
73 81 8512
73 82 6750
73 83 7995
73 84 8027
73 85 2565
73 86 7968
73 88 5524
73 89 8968
73 90 1870
73 91 4689
73 92 2555
73 94 3336
73 95 6672
73 96 2042
73 97 1853
73 98 7903
73 99 7859
73 100 1005
74 75 2254
74 76 6662
74 77 5778
74 78 7364
74 79 939
74 80 3155
74 81 741
74 82 8838
74 83 3120
74 84 2342
74 85 7783
74 86 7772
74 87 5350
74 88 4050
74 89 2032
74 90 8124
74 91 2107
74 92 2605
74 93 2337
74 94 -44
74 95 9786
74 96 9276
74 97 7692
74 98 1902
74 99 9267
74 100 1631
75 76 9757
75 77 9712
75 78 3810
75 79 6750
75 80 1059
75 81 1445
75 82 7526
75 83 265
75 84 4161
75 85 8244
75 86 2783
75 87 5720
75 88 1491
75 89 3770
75 90 5434
75 91 597
75 92 225
75 93 4089
75 94 8695
75 95 2467
75 96 8115
75 97 7529
75 99 4837
75 100 9487
76 77 26
76 78 3902
76 79 6913
76 80 1559
76 81 3794
76 82 945
76 83 8784
76 84 9724
76 85 1681
76 86 5317
76 87 163
76 88 6549
76 89 282
76 90 8801
76 91 1931
76 92 6931
76 93 5877
76 94 6740
76 95 7354
76 96 110
76 97 8991
76 98 9113
76 99 3024
76 100 7387
77 78 4881
77 79 1748
77 80 6955
77 81 7642
77 83 867
77 84 9280
77 85 4360
77 86 9264
77 87 6466
77 88 6814
77 89 1534
77 90 8166
77 91 2748
77 92 8252
77 93 5431
77 94 2817
77 95 5542
77 96 8444
77 97 7227
77 98 1627
77 99 3917
77 100 7511
78 79 1087
78 80 5818
78 81 5316
78 82 1806
78 83 759
78 84 4435
78 85 1188
78 86 2217
78 87 4764
78 88 8570
78 89 4550
78 90 2330
78 91 9171
78 92 8426
78 93 4880
78 94 8801
78 95 2766
78 96 6985
78 97 7216
78 98 3260
78 99 3055
78 100 2211
79 80 1184
79 81 8170
79 82 5081
79 83 4247
79 84 8021
79 85 4300
79 86 1237
79 87 4364
79 88 6808
79 89 9318
79 90 2
79 91 1997
79 93 3862
79 94 1522
79 95 7269
79 96 7291
79 97 5273
79 98 6229
79 99 2476
79 100 1484
80 81 1916
80 82 7334
80 83 6985
80 84 9021
80 85 8673
80 86 1446
80 87 8659
80 88 1051
80 89 8593
80 90 497
80 92 672
80 93 5479
80 94 588
80 95 3069
80 96 1024
80 97 9307
80 98 4747
80 99 1284
80 100 4684
81 82 4205
81 83 5508
81 85 9375
81 86 9274
81 87 1855
81 88 9051
81 89 63
81 90 3657
81 91 1463
81 92 3632
81 93 2944
81 94 3751
81 95 4329
81 96 8804
81 97 6263
81 98 6613
81 99 331
81 100 8788
82 83 9424
82 84 8244
82 85 6962
82 86 8168
82 87 5028
82 88 9493
82 89 1029
82 90 6120
82 91 1472
82 92 7956
82 93 428
82 94 6526
82 95 8310
82 96 8552
82 97 6000
82 98 8018
82 100 2751
83 84 3496
83 85 7622
83 86 3575
83 87 2493
83 88 4410
83 89 2627
83 90 2811
83 91 5771
83 92 6415
83 93 65
83 94 6010
83 95 4145
83 96 5266
83 97 4101
83 98 1296
83 99 3625
83 100 9086
84 85 1741
84 86 3625
84 87 1500
84 88 8064
84 89 3048
84 90 7093
84 91 8509
84 92 9053
84 93 4250
84 94 4180
84 95 1447
84 96 7130
84 97 2329
84 98 5350
84 99 7244
84 100 8284
85 86 1271
85 87 8452
85 88 5022
85 89 2067
85 90 6910
85 91 876
85 92 8361
85 93 381
85 94 7390
85 95 2131
85 96 151
85 97 5068
85 99 9767
85 100 1999
86 87 6279
86 88 5025
86 89 178
86 90 8256
86 91 6074
86 92 9568
86 93 2331
86 94 3062
86 95 8803
86 96 3594
86 97 3174
86 98 9830
86 99 5759
87 88 8924
87 89 2082
87 90 8949
87 91 8400
87 92 3879
87 93 2279
87 94 403
87 95 3740
87 96 2798
87 97 7809
87 98 7370
87 99 6074
87 100 3407
88 89 5461
88 90 1562
88 91 5305
88 92 4024
88 94 2314
88 95 6300
88 96 677
88 97 7637
88 98 9562
88 99 6189
88 100 9556
89 90 9694
89 91 708
89 92 3300
89 93 6447
89 94 3098
89 95 6836
89 96 4622
89 97 1765
89 98 1634
89 99 3210
89 100 9080
90 91 3226
90 92 5008
90 93 2462
90 94 8450
90 95 9046
90 96 7291
90 97 6516
90 98 4418
90 99 5447
90 100 6807
91 92 6567
91 93 3241
91 94 565
91 96 9889
91 97 7329
91 98 7409
91 99 1231
91 100 9416
92 93 8970
92 94 9240
92 95 5382
92 96 8248
92 97 5732
92 98 3273
92 99 2344
92 100 6334
93 94 5734
93 95 -12
93 96 4162
93 97 1779
93 98 1664
93 99 9772
93 100 6551
94 95 56
94 96 5447
94 97 3050
94 98 7979
94 99 6540
94 100 2898
95 96 3623
95 97 5602
95 98 8599
95 99 3881
95 100 8808
96 97 4855
96 98 8301
96 99 9071
96 100 4489
97 98 2721
97 99 3516
97 100 1982
98 99 3027
98 100 8189
99 100 3055
