100 4100
1 2 8131
1 3 14253
1 4 6448
1 5 2495
1 6 8484
1 7 14155
1 8 1911
1 9 3490
1 10 12518
1 11 12937
1 12 13136
1 13 8778
1 14 164
1 16 3295
1 17 9147
1 18 6030
1 19 7848
1 20 3227
1 21 13611
1 23 225
1 25 6409
1 26 4905
1 27 13322
1 28 13707
1 29 13000
1 31 2654
1 32 13679
1 33 10191
1 34 4076
1 35 9029
1 36 10880
1 37 12817
1 38 12564
1 40 6307
1 41 4511
1 42 4560
1 43 648
1 44 13002
1 45 12901
1 46 7078
1 48 9449
1 49 5671
1 50 13579
1 52 2303
1 54 13325
1 55 7013
1 56 6662
1 57 11979
1 58 3123
1 60 9682
1 61 8073
1 62 9464
1 63 13468
1 64 2919
1 65 9623
1 66 3298
1 67 28
1 68 8443
1 69 10777
1 70 2174
1 71 6779
1 72 11072
1 73 1276
1 74 12990
1 75 7839
1 76 9963
1 77 13186
1 78 2379
1 80 2930
1 81 11698
1 83 509
1 84 2495
1 86 7146
1 88 14618
1 89 12120
1 91 8279
1 93 3160
1 94 7841
1 95 12484
1 96 261
1 97 11421
1 98 10282
1 99 9571
1 100 9131
2 3 8093
2 5 14040
2 6 11105
2 9 1415
2 10 5495
2 11 9933
2 13 13217
2 14 309
2 15 466
2 17 10254
2 19 3752
2 21 1943
2 22 14499
2 23 13092
2 24 13164
2 25 6733
2 26 8359
2 27 13938
2 29 14329
2 30 10800
2 33 5919
2 34 14071
2 35 11839
2 36 9074
2 37 4027
2 39 6164
2 40 13227
2 41 6138
2 42 9141
2 43 6279
2 44 10554
2 45 3852
2 49 8225
2 50 12655
2 51 1783
2 52 12634
2 53 13851
2 54 10238
2 55 14462
2 56 8663
2 57 3683
2 58 5941
2 59 6828
2 60 7677
2 61 1063
2 63 3449
2 64 9994
2 65 6292
2 66 8070
2 67 12530
2 68 5228
2 69 2717
2 70 225
2 71 12200
2 72 4063
2 73 6130
2 74 3949
2 75 1913
2 76 3973
2 77 3213
2 79 10668
2 82 2
2 83 14730
2 85 11844
2 86 202
2 87 11737
2 88 64
2 89 899
2 90 5534
2 91 6125
2 92 3844
2 93 8653
2 94 14551
2 95 10803
2 96 2740
2 97 3142
2 98 9584
2 100 12431
3 6 9416
3 7 14223
3 8 9540
3 9 4743
3 10 6543
3 11 4464
3 12 13164
3 13 9823
3 14 5409
3 15 4736
3 16 11956
3 17 9521
3 18 1656
3 21 11158
3 22 14030
3 23 7778
3 24 2808
3 25 10621
3 26 11195
3 27 9265
3 29 1708
3 30 10581
3 31 11062
3 32 12720
3 33 7032
3 34 5967
3 35 9777
3 36 8159
3 37 13207
3 38 7256
3 39 4435
3 40 3849
3 41 1444
3 42 9015
3 43 13319
3 45 5181
3 46 1580
3 47 8590
3 48 13892
3 49 14618
3 50 12203
3 52 10537
3 53 429
3 54 10582
3 55 3476
3 56 7381
3 57 3934
3 58 2383
3 59 13428
3 60 9086
3 63 8324
3 64 14153
3 65 8278
3 66 14191
3 67 14089
3 68 14756
3 69 14438
3 71 11974
3 72 4502
3 73 6295
3 74 13145
3 76 14691
3 77 667
3 79 13858
3 80 9222
3 81 12667
3 82 6234
3 83 14180
3 85 11943
3 87 1909
3 88 9131
3 89 1093
3 90 10961
3 91 1303
3 93 10635
3 96 62
3 97 6075
4 5 14040
4 6 8043
4 7 9955
4 8 4799
4 9 865
4 11 14800
4 12 765
4 13 5462
4 14 7507
4 15 -20
4 17 3223
4 18 911
4 20 978
4 21 4492
4 22 6120
4 23 11784
4 24 14206
4 25 13113
4 26 13006
4 28 7615
4 29 11075
4 30 10037
4 31 13217
4 32 12520
4 33 7456
4 34 7711
4 35 455
4 36 9838
4 37 11487
4 38 14340
4 40 514
4 41 9702
4 42 6183
4 43 12042
4 44 6137
4 45 13247
4 46 9679
4 47 3947
4 48 6831
4 50 11061
4 52 2913
4 53 8781
4 54 11841
4 57 9457
4 58 1309
4 59 3157
4 60 3354
4 61 9236
4 62 6049
4 63 75
4 64 11284
4 65 2560
4 66 3959
4 67 14658
4 69 10819
4 70 6477
4 72 3520
4 75 6534
4 76 5934
4 77 3232
4 78 1285
4 79 3036
4 80 543
4 81 2956
4 82 499
4 85 4452
4 86 6051
4 87 10671
4 88 6892
4 89 12088
4 90 5434
4 91 2157
4 92 2344
4 93 4932
4 94 13552
4 95 4580
4 96 5946
4 97 10650
4 98 8692
4 99 4747
4 100 7496
5 6 14225
5 7 12040
5 8 11180
5 10 9916
5 11 7850
5 12 5141
5 13 3449
5 14 14303
5 16 10928
5 17 5626
5 18 993
5 19 6151
5 21 12957
5 22 3319
5 23 6785
5 24 4046
5 25 8357
5 26 2768
5 27 9661
5 28 5234
5 29 4594
5 30 11819
5 32 5526
5 33 8780
5 34 567
5 37 9772
5 38 13858
5 39 1679
5 40 6418
5 41 12684
5 42 4593
5 43 6610
5 44 1845
5 45 10309
5 46 11024
5 48 3010
5 49 10340
5 50 10840
5 51 580
5 52 44
5 53 2374
5 54 8574
5 55 5783
5 56 5409
5 57 5832
5 58 3695
5 59 9001
5 61 8151
5 62 9051
5 64 13521
5 65 7865
5 66 12090
5 68 5241
5 69 9227
5 70 13634
5 71 2813
5 72 7795
5 73 12320
5 74 5136
5 75 521
5 76 4006
5 77 1891
5 78 11533
5 79 1318
5 81 6211
5 82 7895
5 83 5512
5 84 8052
5 86 5958
5 88 8687
5 89 6810
5 92 14398
5 93 12852
5 96 8312
5 97 2525
5 98 11014
5 99 4537
5 100 11211
6 7 524
6 8 14749
6 9 3833
6 10 2565
6 11 4356
6 14 13620
6 15 2149
6 16 5989
6 17 3984
6 18 4015
6 19 9293
6 20 5872
6 21 6294
6 22 9590
6 23 869
6 24 12739
6 27 500
6 28 2928
6 29 14722
6 30 7444
6 31 3232
6 32 7340
6 34 1228
6 35 6799
6 36 3925
6 37 6727
6 38 2893
6 39 1704
6 42 14080
6 43 2210
6 45 1246
6 46 7546
6 47 13896
6 49 6663
6 50 9461
6 51 7902
6 52 2419
6 53 6755
6 54 14490
6 55 13833
6 56 2151
6 57 1979
6 58 8945
6 59 11666
6 60 11115
6 61 11130
6 63 10292
6 64 12536
6 67 5268
6 68 5025
6 69 1721
6 70 4642
6 71 6106
6 72 14395
6 74 1722
6 75 1266
6 77 10340
6 79 12658
6 80 10078
6 81 13597
6 82 10163
6 83 8394
6 84 8009
6 85 5511
6 86 13936
6 87 352
6 88 5198
6 90 13776
6 92 569
6 93 3749
6 94 4965
6 95 5440
6 96 636
6 97 3392
6 98 4170
6 99 7394
6 100 2302
7 8 7876
7 9 3338
7 10 10135
7 11 56
7 12 10507
7 13 14338
7 14 13143
7 15 13803
7 17 12199
7 18 2676
7 19 14325
7 20 13356
7 21 3748
7 22 4342
7 23 13078
7 24 7335
7 25 12537
7 27 11709
7 28 5658
7 29 3679
7 31 9531
7 32 13221
7 33 7758
7 34 13157
7 35 14234
7 36 11593
7 37 9631
7 38 307
7 39 4942
7 40 11323
7 41 1932
7 43 4627
7 44 9938
7 45 7015
7 46 12190
7 47 6401
7 48 9244
7 49 3800
7 50 10378
7 53 8140
7 54 7570
7 56 3542
7 57 13747
7 58 2442
7 62 3985
7 63 10520
7 65 9557
7 66 7353
7 67 9402
7 68 1727
7 69 8256
7 70 14284
7 71 12174
7 72 734
7 73 8942
7 75 12149
7 77 6974
7 78 13430
7 79 7559
7 80 7672
7 81 2315
7 85 2073
7 86 5654
7 87 10127
7 89 6857
7 90 3653
7 91 9214
7 92 5554
7 93 10301
7 94 11843
7 95 10141
7 98 3928
7 100 11856
8 9 7739
8 10 2626
8 11 1987
8 12 1041
8 13 750
8 14 367
8 16 7040
8 17 14893
8 18 14092
8 19 10870
8 20 9507
8 21 4742
8 22 7317
8 23 9751
8 24 10049
8 26 9847
8 27 575
8 29 7269
8 30 5555
8 32 9384
8 33 12849
8 34 3518
8 35 3486
8 36 7138
8 37 9127
8 38 8047
8 40 4325
8 41 7205
8 44 131
8 45 10178
8 46 12153
8 47 5386
8 48 8451
8 51 14393
8 52 12790
8 53 2583
8 54 11110
8 55 12260
8 56 7113
8 57 1984
8 58 7147
8 62 10880
8 63 8606
8 66 10655
8 67 14435
8 68 7448
8 69 7388
8 70 11596
8 71 13468
8 72 11680
8 74 10273
8 76 10036
8 77 1016
8 78 10083
8 79 4262
8 80 11524
8 81 14580
8 82 2819
8 83 6209
8 84 7220
8 86 14747
8 87 2760
8 88 2064
8 89 911
8 91 14641
8 92 10845
8 95 8723
8 96 6255
8 97 10057
8 98 7994
8 99 1420
8 100 6215
9 10 7951
9 11 12809
9 12 13826
9 13 14155
9 14 3205
9 15 13585
9 17 3261
9 18 2384
9 19 10516
9 20 12584
9 22 11784
9 23 3176
9 24 12625
9 25 10021
9 26 557
9 28 11142
9 31 11599
9 33 12492
9 34 9585
9 35 13221
9 36 10368
9 37 718
9 38 3101
9 39 11197
9 40 8026
9 41 12307
9 42 10563
9 44 6088
9 45 11689
9 46 14015
9 47 6766
9 48 7601
9 49 8105
9 50 9170
9 51 13835
9 52 3486
9 55 415
9 57 11738
9 59 13639
9 60 10390
9 62 7415
9 63 1666
9 65 1684
9 66 1541
9 67 11158
9 68 9754
9 70 12221
9 71 14328
9 72 5068
9 73 1912
9 74 13414
9 75 10388
9 76 9132
9 77 14126
9 78 9528
9 79 7128
9 80 3695
9 81 2114
9 83 9368
9 84 6721
9 85 10184
9 86 12023
9 87 1524
9 88 9921
9 89 10222
9 90 7117
9 91 12855
9 92 6728
9 93 14809
9 94 1083
9 95 8622
9 97 10420
9 98 11759
9 100 8533
10 11 11794
10 12 5145
10 13 3250
10 14 8426
10 15 13424
10 16 9569
10 17 14095
10 19 3661
10 20 5118
10 22 5882
10 23 12455
10 24 12416
10 25 14506
10 26 1898
10 27 13171
10 28 6813
10 30 3403
10 31 14443
10 32 3078
10 33 10688
10 34 3849
10 36 1102
10 37 4586
10 38 3557
10 39 5840
10 40 11220
10 41 11704
10 42 7288
10 44 12785
10 45 2005
10 46 4761
10 47 13264
10 48 5207
10 49 9050
10 51 6074
10 53 1444
10 54 13690
10 55 8307
10 57 11220
10 58 10128
10 59 2107
10 62 10910
10 63 4651
10 64 6758
10 66 10295
10 67 5123
10 68 5168
10 69 9590
10 70 6833
10 71 3656
10 72 9857
10 73 4435
10 75 569
10 76 13373
10 77 848
10 78 10109
10 79 3044
10 80 10825
10 82 7121
10 84 11266
10 85 4686
10 86 9744
10 87 3250
10 90 14055
10 92 11599
10 94 1853
10 95 1961
10 96 12254
10 97 4389
10 98 9164
10 100 5845
11 12 12492
11 13 4466
11 15 13321
11 17 2533
11 18 8748
11 19 4264
11 20 7971
11 22 2651
11 23 13927
11 24 9101
11 25 1680
11 26 13898
11 27 727
11 28 5716
11 29 2720
11 30 8184
11 32 7617
11 34 13805
11 35 1747
11 36 12157
11 37 73
11 39 2592
11 40 3274
11 41 14173
11 42 6412
11 43 3129
11 46 408
11 47 3929
11 48 14665
11 49 10020
11 50 2031
11 51 281
11 52 13324
11 53 8395
11 56 4876
11 58 10659
11 59 14413
11 60 12285
11 61 1152
11 62 664
11 63 14230
11 64 14498
11 65 10680
11 66 1108
11 67 6246
11 68 2398
11 70 3331
11 71 2154
11 72 347
11 74 11596
11 75 7360
11 77 108
11 78 7739
11 80 1266
11 81 10118
11 83 3882
11 85 9549
11 86 8172
11 87 11900
11 88 14292
11 89 5122
11 90 8059
11 91 111
11 92 5264
11 93 4651
11 94 11061
11 95 14895
11 96 8846
11 97 10595
11 98 4504
12 14 4475
12 15 3502
12 17 4761
12 18 10693
12 19 2684
12 20 7130
12 21 14142
12 22 3089
12 23 7285
12 24 7677
12 25 11003
12 26 12284
12 27 7968
12 28 6399
12 29 1204
12 30 13413
12 31 1182
12 33 13390
12 34 3261
12 35 4608
12 36 10818
12 37 11067
12 38 5047
12 39 13991
12 40 10372
12 41 3500
12 42 7028
12 45 -31
12 46 1518
12 48 3063
12 50 12157
12 51 11578
12 52 2449
12 55 1370
12 56 12495
12 57 5313
12 58 9381
12 59 3974
12 61 14747
12 63 1665
12 64 6538
12 65 6055
12 66 4267
12 67 1368
12 68 768
12 69 9067
12 70 6956
12 71 10896
12 72 12272
12 73 5986
12 74 8348
12 75 7016
12 76 4264
12 77 8666
12 78 12338
12 79 9900
12 81 2822
12 82 3185
12 83 14480
12 84 4306
12 85 13623
12 86 5833
12 87 11215
12 88 2785
12 90 8087
12 91 7659
12 92 8190
12 95 14712
12 96 1003
12 97 5082
12 98 2974
12 99 8424
12 100 7357
13 14 12224
13 15 4517
13 16 9417
13 17 4120
13 18 10705
13 19 5391
13 20 67
13 22 10581
13 23 2381
13 24 12942
13 25 13421
13 26 2754
13 28 8384
13 29 8571
13 30 6751
13 31 13269
13 32 14486
13 33 12918
13 34 1248
13 35 3306
13 36 5474
13 37 12049
13 38 1878
13 39 7731
13 40 14620
13 41 5219
13 42 8517
13 44 9430
13 45 7144
13 46 7654
13 48 9959
13 49 4499
13 50 3173
13 51 2155
13 52 13450
13 54 439
13 55 4505
13 56 11082
13 57 5734
13 58 9981
13 59 4199
13 60 3931
13 61 8862
13 64 -54
13 66 7389
13 67 245
13 68 1614
13 69 7119
13 70 9784
13 71 6864
13 72 9489
13 73 6226
13 74 6093
13 75 9051
13 76 13771
13 77 10758
13 78 8635
13 79 8782
13 80 357
13 81 2927
13 82 9075
13 83 3153
13 85 1629
13 86 8052
13 87 9938
13 88 6868
13 89 13331
13 90 4855
13 91 11913
13 92 3557
13 93 3193
13 94 606
13 95 10873
13 96 11842
13 97 10768
13 98 10641
13 99 1922
14 15 3304
14 16 6944
14 17 13264
14 19 10876
14 20 8808
14 21 6258
14 22 9908
14 23 2609
14 24 7276
14 26 4686
14 27 5951
14 28 1263
14 29 1342
14 30 123
14 31 13834
14 33 11302
14 35 7753
14 36 11523
14 37 9906
14 38 8023
14 39 4728
14 40 5898
14 42 220
14 43 5218
14 44 763
14 45 251
14 46 2110
14 47 10793
14 48 11675
14 49 1103
14 50 14005
14 51 2524
14 52 11022
14 54 569
14 56 3886
14 57 12232
14 58 13326
14 59 5263
14 60 9143
14 61 4840
14 62 14010
14 63 11333
14 64 9086
14 65 3753
14 66 12019
14 67 10831
14 68 6688
14 70 13701
14 71 2346
14 72 3732
14 73 8545
14 74 2441
14 75 4213
14 76 10755
14 77 11822
14 78 1245
14 79 14724
14 80 2723
14 82 5139
14 83 3718
14 84 9288
14 85 7363
14 86 9117
14 87 6179
14 88 6254
14 89 6776
14 90 14241
14 91 6113
14 92 4462
14 93 1835
14 94 3072
14 96 12356
14 98 573
14 99 5944
14 100 6604
15 18 6785
15 19 1486
15 20 8903
15 21 2072
15 22 2086
15 23 4315
15 24 3102
15 25 2772
15 26 2762
15 27 7501
15 28 9628
15 29 10518
15 30 2464
15 31 9935
15 32 13661
15 34 6909
15 37 13213
15 38 13957
15 39 9450
15 40 1187
15 41 13882
15 43 2581
15 44 2448
15 45 9191
15 47 7692
15 48 4665
15 49 14060
15 50 14344
15 51 9051
15 54 2864
15 55 11041
15 56 818
15 57 13159
15 59 6885
15 60 14589
15 61 8240
15 62 6288
15 63 6248
15 64 13430
15 65 12463
15 66 5726
15 67 11136
15 68 9280
15 69 7794
15 70 13698
15 71 69
15 72 4258
15 73 8941
15 75 1962
15 76 5179
15 77 10597
15 78 5979
15 79 6598
15 80 14812
15 82 12916
15 83 7196
15 84 7416
15 85 5634
15 86 3876
15 87 7615
15 88 11438
15 89 1356
15 92 11751
15 93 3110
15 94 11653
15 95 3866
15 96 12324
15 97 2488
15 98 7382
15 99 8576
15 100 2012
16 17 5407
16 18 4824
16 19 819
16 20 8414
16 21 10114
16 22 802
16 23 12403
16 24 1093
16 25 1863
16 26 8506
16 27 14334
16 28 5270
16 29 5326
16 30 14316
16 31 11044
16 32 4265
16 33 2176
16 34 6284
16 35 5901
16 36 10665
16 37 7728
16 38 2633
16 41 11434
16 42 183
16 43 14625
16 44 12908
16 45 3878
16 46 3357
16 47 12278
16 48 11011
16 49 2822
16 51 2503
16 52 11368
16 53 3493
16 54 1883
16 56 2306
16 58 10321
16 59 4476
16 60 10101
16 61 8062
16 62 9839
16 63 14349
16 64 10900
16 65 8282
16 66 4661
16 67 1081
16 69 5844
16 70 6484
16 71 2460
16 73 8619
16 74 277
16 75 12759
16 76 5730
16 77 13834
16 78 834
16 80 3290
16 83 11137
16 84 5195
16 85 3025
16 86 5352
16 88 13149
16 89 1217
16 90 4533
16 91 8409
16 94 7535
16 96 835
16 98 7955
16 99 7631
16 100 6351
17 18 9361
17 19 422
17 21 6056
17 23 8171
17 24 1171
17 25 6855
17 26 7972
17 27 2475
17 28 10127
17 30 6907
17 31 9521
17 33 13345
17 34 9475
17 35 7026
17 37 4746
17 38 12640
17 39 2209
17 41 2418
17 43 12846
17 44 6963
17 45 1630
17 46 4112
17 47 7566
17 48 5827
17 49 4541
17 50 756
17 51 8739
17 52 3890
17 53 2239
17 54 5036
17 55 4244
17 56 12536
17 58 6690
17 59 10718
17 60 6927
17 61 13290
17 63 4580
17 64 6813
17 66 5757
17 67 12406
17 68 4259
17 69 6471
17 70 5089
17 71 9129
17 72 4006
17 73 8269
17 74 7278
17 76 6040
17 77 7871
17 78 5022
17 79 1881
17 81 3258
17 82 10150
17 83 7098
17 84 5145
17 85 8274
17 86 387
17 88 10620
17 89 2306
17 90 6864
17 91 13623
17 92 14080
17 93 7076
17 94 12756
17 95 4577
17 96 2204
17 98 10841
17 99 8527
18 19 4057
18 20 3515
18 21 6564
18 22 3593
18 23 8978
18 24 3665
18 25 8852
18 27 8732
18 28 12120
18 29 8739
18 32 5641
18 33 1958
18 34 13741
18 35 13090
18 36 4192
18 37 13067
18 38 5197
18 39 14066
18 40 13325
18 41 4887
18 43 5972
18 44 1841
18 45 21
18 46 -87
18 47 1355
18 49 9319
18 50 3408
18 51 4299
18 53 7909
18 54 13135
18 55 2595
18 56 10570
18 58 8778
18 61 2045
18 62 11052
18 63 3651
18 64 5608
18 65 488
18 66 2013
18 67 11776
18 68 -45
18 69 4874
18 70 9275
18 71 1453
18 72 11803
18 73 3229
18 74 3141
18 75 1197
18 76 297
18 77 13174
18 78 1863
18 79 5830
18 80 12593
18 81 9680
18 82 10988
18 83 6777
18 84 12597
18 85 3160
18 86 1931
18 87 6768
18 88 12497
18 89 2497
18 90 856
18 91 106
18 92 12595
18 93 14625
18 94 7079
18 95 1907
18 96 5019
18 97 4549
18 98 12135
18 99 2794
18 100 10292
19 20 5537
19 22 1610
19 23 695
19 24 2498
19 25 833
19 26 9030
19 27 11394
19 28 5159
19 29 11881
19 30 13938
19 31 13426
19 32 4887
19 33 12511
19 34 12401
19 35 11948
19 36 13450
19 38 7682
19 39 6171
19 40 8343
19 41 7579
19 42 253
19 43 7764
19 44 12523
19 45 14459
19 46 7666
19 48 6470
19 52 7074
19 53 2956
19 54 14454
19 55 1043
19 56 5800
19 57 5383
19 58 5571
19 59 10443
19 60 9898
19 61 3857
19 63 5877
19 64 7665
19 66 9236
19 67 2739
19 68 12996
19 69 11396
19 70 1823
19 71 13890
19 72 9723
19 73 11323
19 74 9637
19 75 12327
19 76 504
19 77 4120
19 78 9378
19 79 11671
19 80 306
19 81 3026
19 82 8589
19 83 11698
19 84 6976
19 85 11894
19 87 1170
19 88 4563
19 89 3689
19 90 1577
19 92 1416
19 93 11608
19 94 11600
19 95 6828
19 96 5644
19 97 9572
19 98 12344
19 99 404
19 100 9196
20 21 11571
20 22 1407
20 24 10515
20 25 12791
20 26 10723
20 28 8826
20 29 3723
20 30 14897
20 32 1648
20 33 663
20 34 -69
20 35 3432
20 36 13971
20 38 7345
20 39 7477
20 42 2355
20 43 10533
20 44 2508
20 45 10080
20 46 6468
20 47 10369
20 48 336
20 49 3604
20 50 7778
20 52 11292
20 53 2028
20 56 7100
20 57 11220
20 58 13997
20 62 13665
20 64 7742
20 65 13136
20 66 1815
20 67 6063
20 68 3990
20 70 14322
20 71 9987
20 72 519
20 73 9136
20 74 3571
20 76 12682
20 79 12316
20 80 9259
20 81 7119
20 83 2580
20 84 6424
20 85 12552
20 86 2870
20 88 12752
20 89 4469
20 90 8339
20 92 14288
20 93 5312
20 94 3043
20 95 9773
20 96 8362
20 99 6165
20 100 1167
21 22 6922
21 23 1129
21 24 6842
21 27 12946
21 28 9707
21 29 4569
21 30 14491
21 31 13164
21 33 2417
21 34 8467
21 35 10027
21 36 3932
21 37 5270
21 38 14786
21 40 351
21 41 1266
21 43 8254
21 44 11546
21 47 14470
21 48 106
21 49 4670
21 50 2372
21 51 9259
21 52 7804
21 53 14720
21 54 11633
21 55 11547
21 56 10274
21 57 4060
21 58 13575
21 59 8269
21 60 1364
21 61 5889
21 62 23
21 63 6761
21 64 2941
21 65 2534
21 66 11350
21 67 7332
21 68 13181
21 69 7385
21 70 2661
21 71 4734
21 73 14504
21 74 7959
21 75 6250
21 76 2545
21 78 181
21 80 6273
21 81 7931
21 82 12225
21 83 1661
21 84 461
21 85 1341
21 87 12645
21 88 2049
21 89 5301
21 90 8133
21 91 13710
21 92 5331
21 93 13691
21 94 6176
21 95 4173
21 96 9682
21 97 11989
21 98 6347
21 99 10800
21 100 650
22 23 8826
22 25 578
22 26 14089
22 27 7773
22 28 8988
22 29 4603
22 30 2432
22 31 7913
22 32 3969
22 34 4820
22 35 9273
22 36 2107
22 37 12485
22 38 5017
22 40 10495
22 41 4842
22 42 10189
22 43 11074
22 45 5572
22 46 5917
22 47 4417
22 48 890
22 49 209
22 50 4889
22 51 644
22 52 5345
22 54 7985
22 55 10740
22 57 11552
22 58 7415
22 59 5467
22 60 8841
22 62 11048
22 63 9773
22 64 2757
22 65 8036
22 66 13394
22 67 5141
22 68 5080
22 69 11874
22 71 7985
22 72 5933
22 73 5019
22 74 12509
22 75 12094
22 76 10453
22 78 4783
22 79 465
22 80 2884
22 81 13923
22 82 3085
22 83 2237
22 84 14533
22 86 3300
22 87 10046
22 88 10291
22 89 11424
22 91 6113
22 92 7368
22 93 2948
22 95 12323
22 96 3756
22 97 12900
22 99 3874
22 100 14007
23 24 2363
23 25 4563
23 27 6806
23 28 2392
23 29 8537
23 30 5501
23 31 8366
23 32 13865
23 33 14733
23 34 12833
23 36 14198
23 37 10690
23 38 11487
23 39 3667
23 40 6405
23 41 7151
23 42 13223
23 43 1199
23 44 7945
23 45 4699
23 47 962
23 48 194
23 49 11999
23 50 3009
23 51 11186
23 52 789
23 53 6549
23 54 6480
23 55 9164
23 56 2213
23 57 8098
23 58 13684
23 59 1406
23 60 6719
23 61 1726
23 62 13121
23 63 3913
23 64 14535
23 65 8695
23 66 4061
23 67 13436
23 68 6361
23 71 13449
23 73 11923
23 74 14758
23 76 13310
23 77 10204
23 78 11749
23 79 6363
23 80 3601
23 81 11579
23 82 10055
23 83 2832
23 84 10016
23 87 9290
23 88 2024
23 89 9412
23 90 7667
23 91 2909
23 93 10637
23 94 705
23 96 2229
23 97 2667
23 99 2589
23 100 292
24 25 14135
24 26 5951
24 27 7392
24 28 4111
24 29 2182
24 30 10942
24 31 9239
24 33 1523
24 34 7543
24 35 10932
24 36 3261
24 37 40
24 38 1022
24 39 13850
24 40 14057
24 41 13891
24 42 2044
24 43 564
24 44 13704
24 45 3691
24 46 12714
24 47 11150
24 48 3553
24 49 9252
24 50 10443
24 51 5667
24 52 11096
24 53 2481
24 54 6179
24 55 9373
24 56 13468
24 57 1328
24 58 6434
24 59 336
24 60 14764
24 61 11998
24 62 12452
24 63 10971
24 64 9218
24 65 9336
24 66 5293
24 67 3435
24 69 8969
24 70 9737
24 71 14130
24 72 5274
24 74 9051
24 75 10376
24 76 8022
24 78 10714
24 79 4812
24 80 8933
24 81 14383
24 82 6510
24 83 9020
24 85 14154
24 86 8614
24 88 14545
24 89 14165
24 90 9422
24 91 9860
24 92 7099
24 93 3199
24 95 10750
24 96 10934
24 99 11813
24 100 5724
25 26 1043
25 28 12035
25 29 1295
25 31 865
25 33 7315
25 34 7229
25 35 9161
25 36 2913
25 37 13695
25 38 12494
25 39 6770
25 40 2977
25 41 3676
25 43 12431
25 44 101
25 45 9670
25 46 2166
25 47 3530
25 48 10602
25 49 3818
25 50 12437
25 52 5987
25 53 7503
25 54 11895
25 55 4304
25 56 10929
25 57 1397
25 58 10367
25 59 14150
25 60 4408
25 61 1124
25 62 13571
25 63 8047
25 64 246
25 65 9529
25 66 13911
25 67 11714
25 68 9466
25 69 5399
25 71 2874
25 72 5258
25 73 2138
25 74 13280
25 75 10230
25 76 11026
25 77 5268
25 78 12524
25 79 14809
25 80 3282
25 81 14750
25 82 13128
25 83 5867
25 84 7058
25 85 8983
25 86 12328
25 87 14738
25 88 1980
25 89 2040
25 90 8845
25 91 4989
25 93 664
25 94 2690
25 95 11399
25 96 8778
25 97 9369
25 98 3888
25 99 11233
26 27 4701
26 28 6792
26 29 12526
26 30 14332
26 31 14586
26 34 9032
26 35 7443
26 37 13771
26 38 14095
26 39 5699
26 40 6477
26 41 1321
26 44 11231
26 45 11186
26 47 4327
26 48 2348
26 51 8897
26 52 8875
26 53 13828
26 54 6088
26 55 4230
26 56 10146
26 57 6068
26 58 4559
26 59 9366
26 60 13176
26 61 9389
26 62 14706
26 64 13394
26 65 9875
26 66 13156
26 67 6910
26 68 13285
26 69 4525
26 70 4619
26 71 1585
26 73 13298
26 75 9069
26 76 8831
26 77 4268
26 78 6451
26 79 7016
26 80 14662
26 81 8244
26 82 12865
26 83 11415
26 84 12314
26 85 14140
26 86 10265
26 88 11485
26 89 2851
26 90 6268
26 91 11624
26 92 54
26 93 10592
26 94 14815
26 95 11952
26 97 371
26 98 13144
26 99 9815
27 28 3688
27 29 3873
27 31 14137
27 32 13431
27 34 4216
27 35 542
27 36 14336
27 37 4697
27 38 13379
27 39 3733
27 40 9985
27 41 12038
27 42 9849
27 43 2747
27 44 4728
27 45 11365
27 46 7637
27 47 9392
27 48 5404
27 49 2249
27 50 11784
27 51 524
27 52 2470
27 53 4452
27 54 8031
27 55 7270
27 58 9730
27 59 4639
27 61 10926
27 63 8633
27 64 656
27 65 5468
27 66 1332
27 67 14196
27 68 11541
27 69 1023
27 71 1524
27 72 10673
27 73 12592
27 74 2168
27 75 8140
27 76 6933
27 77 6530
27 78 1329
27 79 1153
27 80 452
27 81 7797
27 82 11367
27 83 11969
27 84 7305
27 85 6288
27 86 14143
27 88 686
27 89 5586
27 90 3195
27 91 11634
27 92 1694
27 93 2413
27 94 8292
27 95 11142
27 96 1758
27 97 12918
27 99 8470
27 100 2473
28 29 1295
28 30 7178
28 31 13998
28 32 2603
28 34 3227
28 35 14828
28 36 911
28 37 8524
28 38 1958
28 39 9815
28 40 8409
28 41 4691
28 43 12434
28 44 8277
28 45 8910
28 46 7029
28 47 189
28 48 11146
28 51 2032
28 52 6293
28 53 8041
28 54 5817
28 55 8749
28 57 6437
28 58 10998
28 59 5312
28 60 12735
28 61 4686
28 62 12657
28 63 3736
28 64 5187
28 65 4320
28 66 14445
28 67 10864
28 69 14635
28 70 9100
28 71 10536
28 72 10948
28 75 3356
28 77 12542
28 78 13006
28 79 10674
28 80 12389
28 81 5162
28 82 190
28 83 9648
28 84 14051
28 85 12307
28 86 278
28 87 6635
28 88 12717
28 89 7347
28 90 2593
28 91 12675
28 92 12228
28 93 14079
28 95 11744
28 96 5662
28 97 13313
28 99 11251
28 100 898
29 30 1661
29 31 3403
29 32 914
29 33 11115
29 34 9844
29 35 1964
29 36 14654
29 37 11766
29 38 2553
29 39 962
29 40 14073
29 41 9020
29 42 10031
29 44 8918
29 45 786
29 46 3524
29 47 10604
29 48 9419
29 49 3052
29 50 6297
29 51 10842
29 52 5773
29 54 3110
29 55 6627
29 57 1441
29 58 11676
29 59 10214
29 60 11239
29 61 7439
29 63 2210
29 64 10052
29 65 13848
29 66 2918
29 67 12627
29 68 9149
29 70 5543
29 71 12008
29 72 6845
29 73 2776
29 74 9814
29 75 1787
29 76 1872
29 77 3131
29 78 5263
29 79 4842
29 80 9123
29 81 8825
29 82 10617
29 83 14386
29 85 11101
29 86 3274
29 87 7345
29 88 8767
29 89 10428
29 90 3426
29 91 6521
29 92 7022
29 94 11891
29 95 1790
29 96 9326
29 97 3216
29 98 3873
29 100 13229
30 31 12090
30 32 10465
30 34 9124
30 35 4120
30 36 2568
30 37 6400
30 38 14168
30 39 3325
30 40 7229
30 41 10816
30 42 4428
30 44 7896
30 45 700
30 48 2924
30 50 7082
30 51 7395
30 52 13737
30 53 6086
30 54 184
30 55 7714
30 57 5190
30 58 3730
30 59 3113
30 60 10675
30 61 4837
30 62 8936
30 63 11894
30 64 14365
30 65 158
30 66 13046
30 67 7249
30 68 7407
30 69 2247
30 70 7753
30 71 7667
30 72 11219
30 73 8775
30 74 3484
30 75 3742
30 77 10738
30 79 13549
30 80 11983
30 81 8197
30 82 7161
30 83 7268
30 84 13204
30 85 5440
30 87 101
30 88 345
30 89 13893
30 90 1508
30 91 3168
30 92 7470
30 93 10764
30 96 10054
30 97 133
30 98 6006
30 100 8261
31 32 14182
31 33 12860
31 34 13334
31 35 13474
31 36 11299
31 37 5078
31 38 5057
31 39 2252
31 40 2527
31 41 13932
31 42 7409
31 44 9828
31 45 4687
31 46 6165
31 48 2063
31 49 6024
31 52 1021
31 53 8939
31 54 6541
31 55 2407
31 56 5907
31 59 10653
31 60 6531
31 61 953
31 62 123
31 63 844
31 64 903
31 65 12999
31 67 2861
31 69 12899
31 70 6144
31 71 2475
31 72 1639
31 73 990
31 74 10433
31 75 9371
31 76 8994
31 77 13289
31 78 8978
31 79 14001
31 81 14044
31 82 4186
31 83 10990
31 84 10539
31 85 11489
31 86 6405
31 87 14796
31 89 8245
31 90 4674
31 91 14780
31 92 10878
31 93 11471
31 94 12344
31 95 7061
31 96 6563
31 100 1295
32 33 12644
32 34 12982
32 35 11144
32 37 10584
32 38 7356
32 39 14526
32 40 8284
32 41 9838
32 42 14436
32 43 2514
32 44 3531
32 45 7385
32 46 7012
32 47 4988
32 50 10468
32 51 11765
32 53 2830
32 54 7417
32 55 5024
32 59 6412
32 60 2059
32 61 3771
32 62 8772
32 63 3562
32 64 11828
32 65 2456
32 66 2751
32 67 5870
32 68 12699
32 69 7237
32 71 1020
32 72 5124
32 73 9295
32 74 5997
32 75 7578
32 76 1122
32 78 2055
32 79 4255
32 81 6732
32 83 2487
32 84 5509
32 86 2949
32 87 14799
32 88 3817
32 90 1676
32 91 10842
32 92 2862
32 93 8971
32 94 12049
32 95 9112
32 96 14842
32 97 10322
32 98 8273
32 99 1811
32 100 8604
33 37 2856
33 38 14615
33 39 10271
33 41 12722
33 42 13321
33 43 3538
33 46 10476
33 47 14379
33 48 13568
33 49 8793
33 50 5794
33 51 2260
33 52 6906
33 53 8036
33 54 3029
33 55 984
33 56 2728
33 57 13872
33 58 13941
33 60 5232
33 61 11654
33 62 7136
33 64 290
33 65 5471
33 66 2949
33 67 2832
33 69 10652
33 70 1452
33 71 -53
33 72 9598
33 73 11600
33 74 5972
33 76 12040
33 77 13450
33 78 6024
33 79 11575
33 80 3216
33 81 7980
33 83 3417
33 84 13847
33 85 14630
33 86 9748
33 87 6392
33 88 2817
33 89 13499
33 90 1638
33 91 2479
33 92 11993
33 93 7922
33 95 9542
33 96 12111
33 97 2548
33 98 7057
33 100 9823
34 35 1819
34 36 1960
34 37 1778
34 38 13251
34 40 6165
34 41 1235
34 43 8014
34 44 9440
34 45 6796
34 46 14027
34 47 9317
34 48 8993
34 49 632
34 50 14213
34 51 12209
34 54 2078
34 55 13146
34 56 6202
34 57 4771
34 58 5623
34 59 7442
34 60 8493
34 61 2875
34 62 5777
34 65 12986
34 66 11236
34 67 7400
34 68 4367
34 69 10237
34 70 1156
34 71 2437
34 72 818
34 73 13196
34 75 1193
34 77 14587
34 79 9608
34 80 256
34 81 12617
34 82 11646
34 83 10723
34 84 4218
34 85 10332
34 86 11622
34 87 4106
34 88 4415
34 89 12832
34 90 12443
34 91 4466
34 92 3141
34 93 10556
34 95 1773
34 96 8917
34 97 5952
34 98 6203
34 99 13493
35 37 7755
35 38 5396
35 43 8517
35 44 14877
35 45 7367
35 46 -96
35 48 14628
35 50 1610
35 52 13833
35 53 10544
35 54 7231
35 55 2909
35 58 7262
35 59 6266
35 60 6622
35 61 3581
35 62 2218
35 64 11275
35 66 10840
35 67 12238
35 69 12647
35 70 3499
35 71 7012
35 72 7176
35 73 5727
35 74 3692
35 75 2432
35 76 1379
35 77 4736
35 79 1629
35 80 11212
35 81 4649
35 82 13326
35 83 8961
35 85 8138
35 86 9207
35 87 10430
35 88 7689
35 89 5135
35 90 11146
35 93 2963
35 94 2573
35 97 3503
35 98 11187
36 37 10260
36 38 9502
36 39 4588
36 40 9904
36 41 2371
36 42 12045
36 43 12518
36 44 6337
36 46 10821
36 48 402
36 50 9561
36 51 405
36 53 3757
36 54 2775
36 55 1595
36 56 -15
36 57 10372
36 58 13543
36 59 2284
36 60 12909
36 61 5307
36 62 2646
36 64 4827
36 66 10521
36 67 3631
36 68 14882
36 69 10687
36 70 7683
36 71 12541
36 73 5510
36 76 10796
36 77 3430
36 78 766
36 79 12459
36 81 2675
36 83 6143
36 84 166
36 85 11188
36 86 8016
36 87 8584
36 88 2669
36 89 3585
36 90 6310
36 91 5220
36 93 4520
36 94 4670
36 95 5631
36 98 3653
36 99 1769
36 100 1949
37 38 2547
37 39 5766
37 40 3538
37 41 8220
37 43 491
37 45 7180
37 46 6877
37 47 2509
37 48 764
37 49 4910
37 51 12901
37 52 13914
37 54 4958
37 55 5518
37 56 10708
37 57 1758
37 58 11250
37 60 3333
37 61 9819
37 63 12906
37 64 817
37 65 2463
37 66 4804
37 67 3693
37 68 12958
37 69 5596
37 70 12358
37 71 10872
37 72 6537
37 73 1852
37 74 12074
37 75 6643
37 78 12593
37 79 12407
37 80 3590
37 81 12533
37 82 11915
37 84 9462
37 85 10845
37 88 13902
37 90 10955
37 91 6505
37 93 5665
37 94 1360
37 95 13749
37 96 8075
37 97 11271
37 98 2648
37 100 5026
38 39 7567
38 41 11115
38 42 5375
38 43 3030
38 44 8229
38 45 6128
38 46 14535
38 47 8631
38 48 6997
38 49 9992
38 51 442
38 52 14294
38 53 4861
38 55 12016
38 56 4462
38 57 14809
38 59 6767
38 60 6778
38 61 1808
38 62 3219
38 63 2394
38 64 10875
38 65 8962
38 66 4028
38 67 5429
38 68 10766
38 69 10935
38 70 14030
38 72 8788
38 73 7895
38 76 14614
38 77 10018
38 78 13645
38 79 8822
38 80 2534
38 81 5347
38 82 13168
38 83 3785
38 84 13553
38 86 4117
38 87 13195
38 88 11729
38 89 14405
38 90 14357
38 91 1691
38 92 12007
38 93 1258
38 94 10124
38 95 12599
38 96 9455
38 97 5376
38 98 3468
38 99 6874
38 100 10658
39 40 7415
39 41 9024
39 44 5652
39 45 3548
39 46 2229
39 47 12102
39 48 4598
39 49 1047
39 50 7395
39 51 -5
39 53 2122
39 55 483
39 56 2127
39 58 5942
39 59 4929
39 60 8781
39 61 11670
39 62 3810
39 63 8634
39 64 14148
39 66 10120
39 67 6162
39 68 11537
39 71 4563
39 72 10686
39 73 8127
39 74 9055
39 75 6053
39 77 10210
39 78 2045
39 79 3616
39 80 501
39 81 11578
39 83 7942
39 85 12363
39 86 12581
39 88 3379
39 89 11811
39 90 3121
39 91 13218
39 92 11857
39 93 6246
39 94 6766
39 95 1963
39 96 13541
39 98 12986
39 99 2397
39 100 13406
40 41 14688
40 42 4895
40 44 6516
40 45 6053
40 46 4902
40 47 6756
40 48 282
40 50 6173
40 51 10741
40 52 3871
40 54 8503
40 55 14025
40 56 12449
40 59 3731
40 60 9222
40 61 3565
40 62 8147
40 63 14045
40 64 2176
40 66 11474
40 67 11817
40 68 14427
40 69 14066
40 71 10932
40 72 511
40 73 11148
40 74 3916
40 75 7399
40 76 2722
40 77 11926
40 78 10024
40 79 2443
40 80 14866
40 81 5781
40 83 2275
40 84 1521
40 86 8646
40 87 9521
40 88 10155
40 89 6723
40 90 6500
40 91 6526
40 92 7281
40 93 1843
40 96 13102
40 97 6865
40 98 3302
40 99 4808
40 100 6322
41 42 8954
41 43 4577
41 45 9853
41 46 10964
41 47 6173
41 48 6585
41 49 12606
41 50 10644
41 52 14747
41 53 6381
41 54 6140
41 55 10773
41 57 9547
41 58 12390
41 59 804
41 60 6081
41 61 5761
41 62 10168
41 63 5202
41 65 12519
41 66 2107
41 68 9325
41 69 6521
41 70 10468
41 71 8265
41 72 3966
41 73 13842
41 76 3430
41 77 13202
41 78 1596
41 83 1487
41 84 7052
41 85 293
41 87 8618
41 88 3155
41 89 5607
41 90 6828
41 91 12572
41 92 10464
41 93 14263
41 94 12423
41 95 9583
41 96 1595
41 98 6503
41 99 2141
41 100 11089
42 43 2453
42 44 573
42 45 -76
42 46 7474
42 47 14178
42 48 5034
42 49 14595
42 50 1910
42 51 12920
42 52 2633
42 53 12757
42 54 731
42 55 12774
42 56 9226
42 57 11495
42 58 12835
42 59 2914
42 60 11366
42 62 2863
42 63 14217
42 64 2663
42 66 14832
42 67 2501
42 68 3929
42 69 14831
42 70 2426
42 71 5388
42 72 -19
42 73 6493
42 74 12834
42 75 9365
42 76 10719
42 77 7163
42 78 12392
42 79 6908
42 80 6657
42 81 6771
42 83 3680
42 84 9757
42 85 3214
42 86 7165
42 87 2653
42 89 10980
42 90 1054
42 91 1025
42 92 4913
42 93 12751
42 94 12480
42 95 1755
42 96 6001
42 97 2922
42 98 2073
42 99 11478
42 100 10466
43 44 2353
43 47 9007
43 48 13397
43 49 148
43 50 11635
43 51 11368
43 52 9610
43 54 2325
43 55 4413
43 57 7864
43 59 10809
43 60 5881
43 61 8528
43 63 1614
43 64 6122
43 66 13566
43 67 216
43 68 11670
43 69 2301
43 71 14115
43 72 6723
43 73 3345
43 74 449
43 75 505
43 76 1714
43 78 14440
43 79 7414
43 80 8789
43 81 6021
43 82 2835
43 83 306
43 84 4246
43 85 6821
43 86 7896
43 87 7524
43 88 5274
43 89 10964
43 90 524
43 91 10052
43 93 10639
43 94 8012
43 95 1622
43 96 14797
43 97 4761
43 98 11346
43 99 12196
44 45 8018
44 46 10760
44 47 2867
44 49 8518
44 50 2129
44 51 14154
44 53 11899
44 54 626
44 56 1406
44 57 4663
44 58 11312
44 59 9217
44 60 5583
44 61 3331
44 62 8174
44 63 5611
44 64 11989
44 65 2346
44 66 2241
44 67 6212
44 68 10493
44 69 8984
44 70 5593
44 71 12034
44 72 3550
44 73 14654
44 74 4761
44 75 4325
44 76 13810
44 77 10382
44 78 12669
44 79 3150
44 80 9019
44 81 3151
44 82 7357
44 83 13376
44 84 3882
44 85 14527
44 86 13657
44 87 11461
44 88 14090
44 89 13465
44 91 7636
44 92 17
44 93 13414
44 94 12368
44 95 11133
44 96 14295
44 97 13935
44 98 11770
44 99 323
44 100 10012
45 47 6564
45 48 2747
45 49 8687
45 50 3806
45 51 4902
45 53 3254
45 54 10976
45 55 1590
45 56 8877
45 57 10970
45 58 5698
45 59 6122
45 60 3615
45 61 9718
45 62 3087
45 63 12532
45 64 8734
45 65 6787
45 66 13315
45 67 3731
45 70 3255
45 71 9599
45 72 12179
45 73 1586
45 74 12760
45 75 5804
45 76 6262
45 77 7459
45 78 9306
45 79 6781
45 80 9706
45 81 11680
45 82 5581
45 83 12953
45 84 9445
45 85 1762
45 86 1981
45 88 11760
45 89 12864
45 90 9115
45 91 5224
45 92 4893
45 93 9807
45 94 14517
45 95 8714
45 97 3125
45 98 850
45 99 8133
45 100 5812
46 48 12392
46 49 6002
46 50 2910
46 51 4983
46 52 12589
46 53 5026
46 54 14156
46 55 5848
46 56 11772
46 57 1492
46 58 5714
46 59 9169
46 60 60
46 61 8315
46 62 3199
46 63 11937
46 64 9758
46 65 14777
46 67 3901
46 70 10199
46 71 14013
46 73 12955
46 74 12944
46 75 9500
46 76 7273
46 78 1718
46 79 8728
46 80 7568
46 83 7496
46 86 6434
46 87 11573
46 89 262
46 90 3811
46 91 9918
46 92 12970
46 93 12762
46 94 -94
46 95 9918
46 97 11259
46 98 3764
46 99 7518
46 100 14644
47 48 3637
47 49 6542
47 50 4554
47 51 3766
47 52 7519
47 54 9804
47 57 11525
47 60 10546
47 61 4358
47 62 10192
47 63 2421
47 64 11963
47 65 691
47 66 8739
47 68 5561
47 69 6130
47 70 676
47 72 12925
47 73 2771
47 74 4706
47 75 3189
47 76 11785
47 77 3615
47 78 3160
47 79 9552
47 80 3837
47 81 11097
47 82 7355
47 84 5243
47 85 5498
47 86 12093
47 87 3918
47 88 3799
47 89 7414
47 91 11363
47 93 5074
47 94 5467
47 95 1414
47 96 11515
47 97 7986
47 100 6325
48 49 1547
48 51 14013
48 53 7413
48 54 1636
48 55 11720
48 56 9209
48 57 1590
48 58 7972
48 59 8645
48 60 7584
48 61 2331
48 62 6052
48 64 9585
48 65 2793
48 66 2011
48 68 5779
48 69 3843
48 70 729
48 71 13284
48 72 4033
48 73 4260
48 74 5437
48 75 8387
48 76 3658
48 77 3190
48 78 1311
48 81 14634
48 82 2490
48 83 4800
48 84 11565
48 85 4850
48 86 11953
48 87 3142
48 88 8665
48 89 6027
48 90 8888
48 91 8656
48 92 1112
48 93 2682
48 95 14096
48 96 2988
48 97 5888
48 98 4649
48 99 7616
48 100 2333
49 50 273
49 51 2132
49 52 12259
49 54 2836
49 55 8278
49 56 11139
49 57 8635
49 58 9246
49 59 10530
49 60 3500
49 61 9492
49 62 13446
49 63 1940
49 64 8040
49 66 9539
49 67 11482
49 68 8039
49 69 562
49 70 2474
49 71 136
49 72 974
49 73 6460
49 74 11444
49 75 12059
49 80 12221
49 81 9186
49 82 7248
49 83 3529
49 84 7905
49 85 9152
49 86 2137
49 88 5577
49 89 14866
49 90 2252
49 91 9615
49 93 12477
49 94 1878
49 95 10982
49 96 6266
49 97 8956
49 98 775
49 99 6878
49 100 12753
50 51 1349
50 52 10971
50 53 5340
50 54 7938
50 57 13053
50 58 12909
50 59 744
50 62 4129
50 63 10377
50 64 96
50 66 4531
50 67 10147
50 68 8426
50 69 3346
50 71 13878
50 72 7524
50 73 4334
50 74 13891
50 75 7246
50 76 1553
50 78 5037
50 79 1251
50 80 328
50 81 5780
50 82 4586
50 83 14620
50 84 11001
50 85 5847
50 86 5489
50 87 2747
50 89 797
50 90 9884
50 92 13324
50 94 3162
50 95 13017
50 96 4014
50 97 4584
50 98 8644
50 99 1725
51 52 7360
51 53 2842
51 54 1789
51 56 3833
51 58 14519
51 60 12255
51 61 5741
51 62 977
51 63 3636
51 64 6421
51 65 8078
51 66 13838
51 67 11476
51 68 8498
51 69 7094
51 70 14223
51 71 9346
51 72 7562
51 73 14748
51 74 13932
51 75 12246
51 76 350
51 78 2111
51 79 14618
51 80 10932
51 81 711
51 82 8491
51 86 6358
51 87 4499
51 88 370
51 90 7763
51 91 11185
51 92 14439
51 93 11112
51 94 11628
51 95 3841
51 96 9687
51 97 11247
51 98 9286
51 99 8698
51 100 2715
52 53 4500
52 54 4750
52 55 7653
52 56 12227
52 57 12511
52 58 1895
52 59 3674
52 60 4459
52 62 12164
52 63 13564
52 64 3510
52 65 7153
52 66 9486
52 67 10750
52 68 10839
52 69 3822
52 70 8223
52 71 506
52 72 462
52 73 8835
52 76 116
52 77 11783
52 78 14075
52 79 10175
52 81 2042
52 83 9454
52 84 14866
52 85 3928
52 86 14571
52 87 6709
52 88 12606
52 89 11840
52 90 10817
52 91 8886
52 92 10033
52 93 11635
52 94 5353
52 95 10613
52 96 7998
52 97 11
52 98 10486
52 99 6942
52 100 882
53 54 4570
53 55 12714
53 57 12070
53 58 10287
53 59 10016
53 60 11460
53 61 5195
53 62 7974
53 63 13888
53 64 8582
53 66 690
53 67 4446
53 68 9478
53 69 5979
53 70 9729
53 71 12688
53 73 13423
53 74 3945
53 75 14058
53 76 7452
53 77 8265
53 79 2676
53 80 13266
53 81 3560
53 82 5255
53 85 12290
53 86 14265
53 87 5985
53 88 3337
53 89 1503
53 90 4532
53 91 4225
53 92 8132
53 94 1671
53 95 189
53 96 1061
53 97 2781
53 98 14338
53 99 11667
53 100 11734
54 56 5180
54 58 5687
54 61 7874
54 62 14590
54 63 1099
54 64 12177
54 65 2946
54 66 13707
54 67 10617
54 68 9849
54 69 7912
54 70 13963
54 71 8038
54 72 520
54 73 9372
54 75 3098
54 76 1746
54 77 7876
54 78 396
54 80 1816
54 81 6726
54 82 1850
54 83 6502
54 84 4837
54 85 621
54 86 1088
54 87 8601
54 88 4660
54 89 8914
54 90 5074
54 91 14871
54 92 141
54 94 1670
54 95 9984
54 97 4152
54 98 13296
54 99 446
55 56 1116
55 57 13313
55 58 14509
55 59 7434
55 60 13413
55 62 8315
55 64 941
55 65 277
55 66 7473
55 67 5455
55 68 14061
55 69 11404
55 70 1310
55 72 5011
55 74 7321
55 75 5603
55 76 9839
55 77 12893
55 78 9937
55 79 14043
55 80 1875
55 82 6485
55 83 8935
55 84 13752
55 85 10186
55 86 471
55 87 10115
55 88 12862
55 90 2407
55 92 4560
55 93 14481
55 95 10356
55 96 13528
55 97 11432
56 57 4498
56 59 9522
56 60 3110
56 61 1062
56 62 10227
56 64 9755
56 65 12788
56 66 13986
56 67 2520
56 69 209
56 72 4594
56 73 3315
56 74 9918
56 75 5788
56 76 836
56 77 288
56 78 2201
56 79 2422
56 80 9742
56 81 10723
56 82 771
56 83 2948
56 84 1999
56 86 67
56 87 14719
56 88 1470
56 90 5367
56 91 12822
56 92 9490
56 93 5479
56 94 12751
56 95 1135
56 96 13571
56 98 8076
56 99 3347
56 100 8608
57 58 545
57 59 14413
57 60 3997
57 61 14770
57 62 2126
57 63 13277
57 66 6756
57 68 6733
57 69 12242
57 70 162
57 71 10744
57 72 774
57 73 1251
57 74 8042
57 75 1046
57 76 5838
57 77 9747
57 78 7933
57 79 8534
57 80 10716
57 81 9808
57 82 5848
57 83 3606
57 85 12210
57 86 2098
57 87 10406
57 88 14805
57 90 10831
57 91 2075
57 92 14629
57 93 13215
57 94 4489
57 95 9037
57 96 10277
57 97 678
57 98 3638
57 100 5553
58 59 3172
58 61 11090
58 62 9775
58 63 3613
58 64 13024
58 65 6470
58 66 7711
58 67 14219
58 68 793
58 69 9995
58 70 -46
58 71 8936
58 72 323
58 73 13446
58 74 8935
58 75 14501
58 76 11686
58 78 12030
58 79 6390
58 80 2709
58 81 12052
58 83 7996
58 85 4899
58 87 11910
58 88 579
58 89 14249
58 90 5652
58 92 5259
58 93 14518
58 94 11099
58 95 9520
58 96 9081
58 97 9429
58 99 2844
58 100 2245
59 60 7722
59 61 10362
59 62 12811
59 63 6514
59 64 3407
59 65 4849
59 66 13674
59 67 3791
59 68 898
59 69 5941
59 71 13881
59 72 11575
59 74 13342
59 75 11347
59 77 12772
59 79 6915
59 80 3246
59 81 10081
59 82 8611
59 83 4716
59 84 5234
59 86 13827
59 87 4560
59 88 14095
59 89 5322
59 90 10532
59 91 496
59 92 13230
59 93 2889
59 94 6764
59 95 4278
59 96 5051
59 97 4736
59 98 14106
59 99 14498
59 100 13850
60 61 10443
60 62 12106
60 63 3951
60 64 11192
60 68 6387
60 69 10930
60 70 4860
60 71 12053
60 72 10298
60 73 3213
60 74 652
60 75 10642
60 76 10423
60 77 804
60 78 6828
60 79 9970
60 80 6750
60 81 7536
60 82 6071
60 83 3642
60 84 3189
60 85 12002
60 87 11980
60 90 2655
60 91 13914
60 92 10798
60 93 11788
60 94 13263
60 95 2600
60 96 11546
60 97 7108
60 99 8889
60 100 11102
61 62 9284
61 63 4817
61 64 5636
61 65 6782
61 66 11005
61 67 9917
61 68 3956
61 69 6191
61 70 11209
61 71 10795
61 72 6026
61 73 3801
61 74 10435
61 78 4829
61 80 3132
61 81 10195
61 83 3797
61 84 5393
61 85 10712
61 86 944
61 88 11045
61 89 7574
61 90 14436
61 91 1728
61 93 7730
61 94 13780
61 95 159
61 96 1445
61 97 4768
61 98 2820
61 99 9224
61 100 996
62 63 5184
62 65 1285
62 66 7840
62 67 382
62 68 1324
62 69 4938
62 70 12651
62 72 12797
62 73 5050
62 74 6031
62 75 12478
62 76 4149
62 77 -74
62 78 1958
62 79 14052
62 80 2773
62 81 6322
62 82 8604
62 83 6124
62 84 10573
62 85 3164
62 86 10587
62 87 6439
62 89 4345
62 90 7924
62 91 2597
62 92 5843
62 93 2457
62 94 13234
62 95 393
62 96 14344
62 97 6701
62 99 12516
63 65 5347
63 66 9900
63 67 7292
63 69 683
63 70 13480
63 71 5233
63 72 7911
63 73 2751
63 75 5212
63 76 1220
63 79 10420
63 80 11931
63 81 5364
63 82 9323
63 83 12798
63 84 6446
63 85 5050
63 86 2097
63 87 5064
63 88 13305
63 89 194
63 90 6935
63 91 8646
63 92 4661
63 93 7464
63 94 5103
63 95 14832
63 96 8301
63 98 8728
63 99 6103
63 100 8724
64 65 2720
64 67 7749
64 68 2342
64 69 11711
64 70 10235
64 71 12202
64 72 12757
64 73 12292
64 75 13452
64 76 1929
64 77 9344
64 78 6769
64 79 8739
64 80 9024
64 82 6425
64 83 14766
64 84 816
64 86 12868
64 87 10687
64 88 1894
64 89 7853
64 91 13432
64 92 5072
64 93 2023
64 94 2497
64 95 12853
64 96 807
64 97 1326
64 98 5200
64 99 3989
64 100 6130
65 67 12011
65 68 14621
65 69 4712
65 70 4008
65 71 3130
65 72 12774
65 73 13663
65 75 3359
65 76 7788
65 77 3615
65 78 5477
65 79 7515
65 80 10762
65 83 4296
65 84 8770
65 85 14677
65 86 51
65 87 12643
65 88 12859
65 89 10903
65 90 4617
65 91 5183
65 92 5501
65 93 7291
65 94 13912
65 95 13171
65 96 409
65 98 10566
65 99 12189
65 100 4295
66 67 8483
66 68 3943
66 69 4460
66 70 3661
66 71 10425
66 73 8296
66 76 2875
66 77 4143
66 79 12644
66 80 1286
66 81 7288
66 82 2848
66 83 7560
66 84 1008
66 85 5830
66 86 7397
66 87 1402
66 88 10257
66 89 4741
66 90 11544
66 93 7881
66 94 7439
66 95 8128
66 96 12782
66 99 1167
67 68 2874
67 70 4329
67 72 11818
67 73 12221
67 74 10076
67 75 9852
67 77 13159
67 78 11446
67 79 11811
67 80 13200
67 81 9354
67 83 6255
67 84 14578
67 85 1645
67 86 8220
67 87 3822
67 88 7126
67 90 3129
67 92 6323
67 93 547
67 94 3705
67 96 12043
67 97 12140
67 98 12701
67 100 3769
68 69 7075
68 70 6817
68 71 590
68 72 9533
68 73 10039
68 74 3799
68 75 13883
68 76 7319
68 78 11382
68 79 99
68 80 389
68 82 2489
68 84 11809
68 85 3531
68 87 9909
68 89 12056
68 90 13521
68 92 6451
68 93 11405
68 95 4676
68 96 8571
68 97 12532
68 98 1865
68 99 8502
68 100 1111
69 70 12171
69 71 2399
69 72 3617
69 73 10321
69 74 2164
69 75 11477
69 77 8973
69 79 13396
69 80 1483
69 81 12324
69 83 12753
69 85 10825
69 86 10059
69 89 12529
69 90 8443
69 91 1017
69 92 2439
69 94 4829
69 95 10845
69 96 1440
69 97 2914
69 100 14156
70 71 251
70 72 8203
70 73 10522
70 74 9006
70 75 5209
70 76 13602
70 77 8430
70 79 4390
70 80 708
70 82 2031
70 83 2575
70 84 1138
70 85 5478
70 86 6072
70 87 9270
70 88 6957
70 89 13049
70 90 13781
70 91 7893
70 92 4113
70 93 14773
70 94 1774
70 95 13550
70 96 6006
70 98 5281
70 100 13606
71 72 13328
71 73 8430
71 74 3678
71 75 6715
71 78 5151
71 79 13929
71 80 12356
71 81 7796
71 83 6613
71 84 13074
71 85 6393
71 87 5375
71 88 5533
71 89 6748
71 90 11989
71 91 3335
71 92 7703
71 94 8399
71 95 9034
71 96 11465
71 97 8609
71 98 6036
71 99 1164
72 73 2719
72 74 3001
72 75 1062
72 76 5927
72 77 12116
72 78 4454
72 79 11457
72 80 3353
72 81 10122
72 82 10165
72 83 12707
72 84 8897
72 85 10151
72 86 14313
72 88 14175
72 89 474
72 90 9755
72 91 6001
72 92 6080
72 93 9036
72 94 9947
72 96 10805
72 98 3640
73 74 11442
73 75 10466
73 76 14265
73 77 3588
73 78 12846
73 80 10497
73 81 7938
73 82 68
73 83 1229
73 85 6910
73 87 11220
73 88 8530
73 89 13344
73 90 13967
73 91 6608
73 92 13606
73 93 14573
73 94 12902
73 95 623
73 96 453
73 98 6951
73 99 14898
73 100 14121
74 75 1313
74 76 12961
74 78 7867
74 79 13542
74 80 7283
74 81 1793
74 82 13168
74 83 6992
74 84 13870
74 85 11271
74 87 12375
74 88 7398
74 89 11727
74 90 10968
74 91 9950
74 92 4254
74 93 11114
74 94 10176
74 95 11032
74 96 3383
74 99 12183
74 100 2701
75 76 8462
75 77 10945
75 78 993
75 79 11547
75 80 10875
75 81 4134
75 83 1130
75 84 2784
75 85 11725
75 86 11395
75 87 6498
75 89 945
75 90 10206
75 91 7421
75 92 9518
75 93 4494
75 94 7404
75 95 1004
75 96 2465
75 97 11335
75 98 1409
75 99 13412
75 100 14604
76 77 9266
76 78 13301
76 79 5285
76 80 4193
76 81 564
76 83 1042
76 84 -1
76 85 6301
76 86 11214
76 87 8071
76 88 4770
76 89 13689
76 90 5043
76 91 2994
76 92 5176
76 93 8577
76 94 14616
76 95 3746
76 96 12858
76 97 6515
76 98 6330
76 99 13836
76 100 4730
77 79 11210
77 80 13823
77 81 4146
77 82 5052
77 85 1420
77 86 6620
77 88 12324
77 89 13285
77 90 5244
77 91 6183
77 92 13152
77 93 3943
77 94 9844
77 95 7122
77 96 7681
77 97 295
77 98 8192
77 99 5617
77 100 14545
78 79 11335
78 80 7554
78 81 3337
78 82 10841
78 83 7528
78 84 4534
78 85 13646
78 86 238
78 87 12495
78 88 11519
78 89 5884
78 90 411
78 91 5529
78 92 3885
78 93 6826
78 94 2242
78 95 4895
78 96 13991
78 97 2628
78 98 2489
78 99 5444
78 100 13597
79 80 10795
79 81 2186
79 82 14215
79 83 8717
79 84 4204
79 86 9700
79 87 13015
79 88 12944
79 89 10012
79 91 7451
79 92 6915
79 93 3601
79 94 822
79 95 13101
79 96 13314
79 98 9687
80 81 8601
80 82 13324
80 83 6237
80 85 2639
80 87 3426
80 88 5771
80 89 11869
80 90 12846
80 91 5560
80 92 1805
80 93 6521
80 95 3970
80 96 11697
80 98 12320
80 99 1188
80 100 10434
81 82 7719
81 85 1160
81 86 11633
81 88 4897
81 89 9998
81 90 4817
81 92 6770
81 93 1183
81 94 10622
81 95 12794
81 97 5822
81 98 -29
81 99 12743
81 100 13172
82 83 5771
82 84 14636
82 85 691
82 86 14238
82 87 14776
82 88 1437
82 89 11764
82 90 993
82 92 4482
82 93 2730
82 94 2283
82 95 -20
82 96 13640
82 97 4611
82 98 9135
82 99 10548
82 100 6603
83 84 13961
83 85 13112
83 86 1662
83 87 5824
83 88 14157
83 89 4876
83 90 11804
83 91 2412
83 93 2671
83 94 1854
83 95 3622
83 96 7067
83 97 10651
83 98 13692
83 99 12355
83 100 1410
84 86 8922
84 87 4455
84 88 3071
84 89 2006
84 90 8761
84 91 14275
84 92 9529
84 93 780
84 94 636
84 96 1268
84 97 9919
84 98 13209
84 99 6659
84 100 11179
85 86 7755
85 87 8579
85 88 2671
85 89 1517
85 90 14180
85 92 8393
85 93 5329
85 94 377
85 95 8444
85 96 1096
85 97 7097
85 98 814
85 99 5930
85 100 13828
86 87 10652
86 88 4197
86 89 4589
86 90 11289
86 91 6304
86 92 14709
86 94 9162
86 95 3583
86 97 8275
86 98 3355
86 99 13711
86 100 6273
87 88 7245
87 89 12064
87 91 13479
87 93 13488
87 94 10136
87 95 12680
87 96 13523
87 97 12140
87 98 4377
87 99 8401
88 89 3497
88 94 1986
88 95 14829
88 96 12657
88 97 12561
88 98 3154
88 99 12548
88 100 2495
89 91 4934
89 92 2178
89 93 7357
89 94 3876
89 95 12170
89 96 9743
89 97 13821
89 98 1377
89 99 11461
89 100 13949
90 91 10926
90 93 9282
90 94 5755
90 96 4285
90 97 1192
90 98 4274
90 99 449
90 100 14873
91 92 12271
91 95 1402
91 97 5108
91 98 6994
91 99 8118
91 100 1320
92 94 9460
92 95 8300
92 97 3690
92 98 4439
92 100 10375
93 94 7172
93 95 2452
93 96 13810
93 97 7038
93 98 13333
93 99 3826
94 95 133
94 96 6387
94 97 10250
94 98 9487
94 99 14634
94 100 3160
95 96 3141
95 97 3704
95 98 11284
95 99 9631
96 97 8830
96 99 1172
96 100 4883
97 98 10352
97 99 12121
97 100 12490
98 99 10196
98 100 12105
99 100 14344
