160 5100
1 5 195
1 6 499
1 10 387
1 13 4232
1 14 3335
1 16 9283
1 17 109
1 18 1981
1 20 7357
1 23 5892
1 24 1984
1 25 379
1 26 7406
1 30 236
1 36 9002
1 39 3995
1 42 8484
1 43 679
1 44 1406
1 46 6369
1 50 6033
1 51 2114
1 57 3229
1 64 8822
1 68 1371
1 74 6078
1 75 3540
1 80 7136
1 86 1654
1 88 8698
1 89 3113
1 90 8497
1 91 6190
1 92 4411
1 97 4251
1 98 2851
1 104 4510
1 105 2287
1 106 1506
1 108 6534
1 109 3565
1 110 4102
1 111 8477
1 114 8654
1 116 2089
1 117 8517
1 120 4761
1 121 338
1 122 -321
1 125 5155
1 129 5326
1 130 6704
1 143 -453
1 144 5961
1 146 6615
1 153 6567
1 154 4525
1 155 7131
1 156 8668
1 157 5420
1 158 4225
2 3 4224
2 5 5594
2 8 781
2 9 7669
2 14 8728
2 20 8047
2 24 4595
2 26 2233
2 28 9348
2 29 8867
2 30 2030
2 32 7150
2 39 8799
2 43 2719
2 44 2846
2 46 602
2 49 6288
2 53 2920
2 55 8420
2 63 4566
2 64 2289
2 67 695
2 69 6786
2 70 77
2 74 8118
2 75 3421
2 77 5150
2 78 1326
2 81 4704
2 84 8346
2 85 9049
2 93 -395
2 97 1222
2 98 9140
2 100 6036
2 102 6626
2 104 5988
2 106 4603
2 107 4301
2 108 9399
2 111 8079
2 118 5585
2 119 3919
2 121 3474
2 122 2942
2 125 8356
2 128 8994
2 129 7984
2 130 1127
2 131 5197
2 138 3097
2 139 8673
2 145 -313
2 147 4425
2 151 -435
2 160 1525
3 4 2847
3 5 8679
3 6 4936
3 7 8725
3 10 1094
3 11 4756
3 15 3643
3 16 2893
3 26 4375
3 27 5984
3 29 7159
3 30 3696
3 34 112
3 39 4991
3 40 8586
3 42 -43
3 43 8392
3 46 5040
3 49 7539
3 50 3918
3 61 3803
3 62 595
3 63 4932
3 64 5824
3 68 9048
3 70 3664
3 72 7826
3 73 3869
3 77 617
3 83 8163
3 84 8393
3 85 1386
3 86 233
3 87 8165
3 90 1111
3 93 6529
3 95 8175
3 96 295
3 98 5521
3 102 5158
3 105 5958
3 109 7981
3 111 3892
3 112 4995
3 114 -411
3 115 6720
3 118 7314
3 120 8054
3 121 4174
3 128 830
3 131 5940
3 132 9199
3 134 5459
3 137 5678
3 140 6822
3 141 4540
3 143 638
3 145 7170
3 148 7641
3 149 1701
3 153 4625
3 156 7241
3 160 8778
4 5 7003
4 6 2017
4 9 7323
4 12 4163
4 15 5972
4 17 3074
4 18 -375
4 21 9398
4 25 7256
4 30 9068
4 35 3641
4 37 6785
4 39 2537
4 46 3718
4 50 1928
4 51 449
4 53 3420
4 54 1872
4 55 2044
4 56 6884
4 57 7599
4 58 7364
4 59 7126
4 69 4347
4 70 8022
4 71 3275
4 73 5252
4 78 -78
4 85 2191
4 88 2360
4 91 2499
4 94 5217
4 100 8555
4 112 2271
4 113 5899
4 114 6529
4 116 5596
4 117 9374
4 119 5957
4 122 2353
4 123 5156
4 124 4173
4 125 8109
4 127 3869
4 128 4885
4 129 5005
4 131 6310
4 133 1619
4 134 921
4 135 8434
4 136 3324
4 138 8917
4 140 914
4 145 2109
4 146 3858
4 150 8620
5 10 984
5 12 1676
5 13 273
5 14 290
5 17 -21
5 18 1109
5 19 6233
5 20 7439
5 21 5614
5 22 3742
5 26 4649
5 27 6618
5 29 7689
5 30 5302
5 31 3406
5 35 7305
5 36 514
5 41 2883
5 42 4950
5 45 1132
5 47 7766
5 48 2809
5 49 1028
5 54 7229
5 55 1093
5 61 4730
5 65 3790
5 67 172
5 68 1173
5 70 6849
5 74 8457
5 78 5452
5 82 5359
5 85 4985
5 86 356
5 87 6104
5 90 5388
5 93 -37
5 94 4699
5 96 8721
5 97 5134
5 99 1774
5 101 271
5 103 6062
5 104 2237
5 108 4928
5 115 3780
5 117 4068
5 119 3284
5 120 1586
5 122 9436
5 124 1415
5 127 1153
5 134 2468
5 135 3302
5 137 8050
5 141 432
5 142 6617
5 144 125
5 147 7772
5 148 1076
5 149 6024
5 153 8637
5 159 6886
6 7 7284
6 8 3688
6 9 4489
6 12 2608
6 13 3295
6 14 8664
6 15 8490
6 16 -140
6 18 -286
6 21 1447
6 22 1217
6 23 5942
6 26 3737
6 30 4982
6 31 8840
6 32 9085
6 36 4774
6 43 7763
6 44 3027
6 48 3141
6 50 7938
6 52 3694
6 56 3258
6 58 4363
6 59 3729
6 65 9172
6 66 7850
6 73 7116
6 74 6099
6 75 2264
6 76 8100
6 80 7789
6 82 4379
6 83 3070
6 84 7498
6 86 -111
6 87 727
6 94 -51
6 95 8940
6 100 6471
6 101 2720
6 104 4246
6 106 6648
6 107 4000
6 108 2051
6 110 3723
6 111 6430
6 117 1737
6 118 2265
6 119 4585
6 122 8292
6 124 2670
6 125 6171
6 126 1024
6 128 3350
6 130 7419
6 131 1609
6 144 8354
6 148 5893
6 151 9251
6 152 1310
6 155 3778
6 157 4823
6 158 4047
6 160 93
7 13 3890
7 14 583
7 16 7262
7 17 -255
7 20 4361
7 25 6244
7 26 3338
7 32 831
7 35 -352
7 40 8789
7 41 6686
7 43 5828
7 44 -158
7 49 4779
7 50 7026
7 53 231
7 57 345
7 59 4413
7 61 1784
7 62 2104
7 65 8088
7 66 570
7 69 8862
7 72 4609
7 73 1542
7 74 4764
7 77 8195
7 80 3478
7 82 326
7 85 2242
7 89 5895
7 90 9410
7 92 1231
7 95 426
7 98 3911
7 104 5577
7 106 8347
7 107 2398
7 108 7979
7 111 9127
7 112 7606
7 115 3644
7 117 5896
7 119 2045
7 120 1570
7 122 1843
7 128 6360
7 129 4386
7 131 3881
7 133 3560
7 134 1605
7 137 4966
7 140 8193
7 142 876
7 143 9052
7 150 2957
7 155 2337
7 159 -5
8 10 813
8 12 4083
8 13 1098
8 14 9090
8 15 4163
8 19 3355
8 24 9292
8 28 6129
8 34 232
8 37 182
8 39 8686
8 44 7186
8 45 9203
8 46 441
8 47 4516
8 49 5719
8 50 9273
8 52 9212
8 53 7511
8 56 2705
8 60 4764
8 61 1247
8 63 587
8 64 952
8 68 2207
8 69 9342
8 76 8377
8 79 8042
8 82 8025
8 83 2905
8 86 1286
8 90 3704
8 93 8718
8 94 6990
8 95 5778
8 99 7397
8 100 8002
8 101 7295
8 103 2301
8 104 1972
8 106 9065
8 107 4100
8 108 8415
8 109 3354
8 111 3269
8 113 4452
8 114 5883
8 118 2553
8 120 1533
8 121 8161
8 123 7773
8 125 2715
8 128 7651
8 134 5894
8 136 349
8 138 8180
8 142 92
8 143 5820
8 154 2139
9 10 3411
9 11 5143
9 12 -89
9 13 5179
9 15 9267
9 18 6148
9 26 1637
9 27 6718
9 32 7840
9 36 2479
9 43 -448
9 46 2221
9 47 5751
9 52 464
9 53 1135
9 56 5554
9 57 6449
9 58 2234
9 59 6846
9 65 9305
9 66 -493
9 69 8333
9 73 4480
9 75 4487
9 78 6025
9 82 -296
9 84 1108
9 86 3470
9 88 6069
9 94 9186
9 98 5914
9 99 2720
9 100 5744
9 103 2583
9 107 9133
9 109 2699
9 110 7200
9 112 7185
9 114 8727
9 115 6103
9 122 8772
9 126 1076
9 129 9284
9 132 7612
9 135 -5
9 136 5621
9 137 1862
9 138 3666
9 140 2104
9 143 3837
9 145 3021
9 147 6804
9 148 -83
9 151 6655
9 152 -309
9 154 6571
9 157 2383
9 160 5278
10 11 3975
10 12 1209
10 14 -119
10 15 7455
10 20 -199
10 22 4935
10 25 3362
10 27 427
10 28 215
10 30 3584
10 32 1675
10 33 6643
10 34 7573
10 42 8587
10 43 8701
10 48 6374
10 49 467
10 50 1863
10 51 2243
10 52 2985
10 57 412
10 60 1168
10 62 2027
10 66 2952
10 70 -476
10 72 2708
10 78 4270
10 79 8378
10 80 3304
10 81 310
10 84 9324
10 86 7025
10 88 3847
10 89 9230
10 91 8673
10 92 6627
10 94 213
10 99 6685
10 101 105
10 109 5656
10 110 2933
10 111 2478
10 113 658
10 118 3677
10 121 7664
10 122 3358
10 123 3578
10 124 9241
10 127 2377
10 129 2521
10 130 4959
10 132 1928
10 133 6623
10 135 9182
10 136 -112
10 137 1979
10 140 3558
10 141 9309
10 143 -192
10 145 7122
10 146 2008
10 147 1355
10 148 1642
10 150 -400
10 151 6889
10 153 6817
10 157 5779
10 160 4211
11 13 6838
11 16 6614
11 20 5986
11 26 3807
11 28 -178
11 30 8837
11 33 9332
11 34 5022
11 35 717
11 36 4337
11 38 9428
11 40 6147
11 41 2988
11 51 795
11 52 2080
11 53 7441
11 56 4219
11 58 5169
11 62 8631
11 63 5027
11 66 4925
11 68 1261
11 71 7332
11 75 3515
11 80 8577
11 82 319
11 84 1140
11 85 6490
11 86 8042
11 87 5652
11 88 1352
11 90 2482
11 92 8915
11 93 3283
11 94 3976
11 96 1212
11 98 9427
11 100 -258
11 101 8660
11 106 7785
11 110 8764
11 112 -318
11 120 7323
11 121 7262
11 123 2963
11 126 6201
11 127 3041
11 131 1370
11 133 8506
11 135 8204
11 142 5169
11 143 6997
11 145 3752
11 147 7336
11 148 3263
11 154 3961
12 15 2418
12 18 4529
12 21 7055
12 23 8098
12 26 5903
12 27 2420
12 29 6451
12 30 8292
12 31 9041
12 33 6602
12 37 262
12 39 2796
12 42 4744
12 46 2046
12 48 -170
12 52 5869
12 54 3390
12 55 6645
12 56 9399
12 57 5839
12 59 8686
12 61 1556
12 63 3075
12 64 1508
12 71 2093
12 72 54
12 75 3481
12 76 821
12 77 8731
12 80 3864
12 82 1998
12 86 8355
12 87 4740
12 88 3305
12 89 6366
12 92 8240
12 95 3431
12 96 -71
12 97 1171
12 99 5230
12 100 8988
12 102 671
12 103 3833
12 104 2753
12 105 6766
12 108 8692
12 110 -215
12 111 2165
12 114 -49
12 115 9334
12 117 5770
12 119 1523
12 120 8745
12 122 5427
12 125 5896
12 126 8959
12 127 359
12 129 6589
12 131 8855
12 134 6060
12 136 3156
12 137 1022
12 138 2636
12 139 3960
12 142 8934
12 146 8495
12 147 -465
12 150 1672
12 156 3159
12 157 5344
12 158 1580
12 159 7433
13 21 3062
13 22 8505
13 30 6534
13 31 2214
13 32 5779
13 33 3219
13 35 7764
13 37 4786
13 39 2837
13 40 3755
13 43 1620
13 51 5325
13 53 4790
13 54 7030
13 55 1343
13 56 3143
13 57 1743
13 61 3697
13 63 1145
13 64 5319
13 66 -201
13 67 4604
13 69 7974
13 70 6010
13 72 2663
13 73 9361
13 74 2630
13 79 8752
13 96 -186
13 97 6325
13 99 6771
13 102 3643
13 103 2382
13 108 7874
13 109 6645
13 112 8833
13 113 6074
13 114 6284
13 117 635
13 118 7542
13 120 7600
13 122 7576
13 126 6705
13 127 2953
13 129 4586
13 131 6460
13 134 6080
13 140 5109
13 143 1988
13 150 351
13 151 4475
13 152 2640
13 155 2537
13 157 8260
13 160 4284
14 16 4499
14 18 3458
14 20 5478
14 23 3565
14 25 7651
14 26 4991
14 27 4361
14 35 2947
14 38 1894
14 45 7458
14 56 5093
14 58 5229
14 66 -192
14 73 4930
14 77 4954
14 79 1807
14 81 5268
14 82 3814
14 83 2575
14 86 520
14 89 479
14 91 9164
14 92 8430
14 93 1594
14 94 5164
14 96 650
14 98 3434
14 100 2686
14 102 8575
14 103 6470
14 107 9465
14 113 2937
14 119 5375
14 120 8748
14 123 -4
14 126 6741
14 129 8541
14 131 1066
14 133 4520
14 134 1235
14 135 3143
14 136 3271
14 138 5710
14 140 2845
14 141 2428
14 142 8321
14 146 6793
14 147 927
14 150 4664
14 153 4867
14 154 2943
14 156 944
14 158 2623
14 159 3281
14 160 8823
15 16 7885
15 18 3111
15 26 888
15 27 -139
15 28 1528
15 29 2840
15 40 -434
15 41 2443
15 43 2735
15 44 6234
15 45 276
15 50 4950
15 51 9386
15 52 3424
15 55 7821
15 61 692
15 62 5708
15 63 6171
15 70 6040
15 71 649
15 79 47
15 80 5042
15 82 5063
15 83 3935
15 84 2683
15 85 6769
15 86 2986
15 88 8795
15 95 4175
15 96 6441
15 97 7139
15 98 8243
15 99 2789
15 101 4146
15 103 7225
15 105 4242
15 109 1101
15 110 172
15 111 1402
15 113 6029
15 114 2395
15 116 6255
15 119 -2
15 123 3987
15 125 378
15 129 8368
15 131 491
15 132 8630
15 134 5094
15 139 3057
15 140 5096
15 143 7673
15 144 3334
15 147 7733
15 153 3121
15 154 4370
15 155 -304
15 156 4457
15 157 6389
15 158 2959
16 21 3133
16 25 1320
16 29 3960
16 34 1487
16 35 3571
16 37 3151
16 38 2422
16 39 7392
16 40 837
16 42 6927
16 43 4000
16 45 7425
16 51 4640
16 52 441
16 54 9227
16 56 1577
16 57 7828
16 64 3303
16 67 15
16 68 8273
16 69 4130
16 70 4644
16 73 3538
16 74 1089
16 75 4506
16 80 7319
16 81 8278
16 82 5361
16 83 2487
16 84 8346
16 87 1185
16 90 8585
16 95 5560
16 97 3650
16 98 5066
16 100 5112
16 101 9239
16 103 6768
16 105 4093
16 108 3670
16 109 5888
16 110 4160
16 111 5622
16 112 4491
16 114 1857
16 115 5471
16 117 9111
16 120 6853
16 123 8293
16 124 8992
16 126 6879
16 130 7569
16 132 1852
16 133 5531
16 134 9128
16 135 6450
16 137 1637
16 138 6857
16 139 7900
16 140 376
16 143 8438
16 145 -390
16 146 4863
16 148 2262
16 150 2690
16 151 475
16 152 7144
16 158 6623
16 160 1930
17 18 1811
17 23 7990
17 24 1660
17 28 7900
17 39 9053
17 42 5349
17 46 5134
17 50 4029
17 53 4366
17 55 7251
17 57 3617
17 61 4506
17 64 6953
17 67 8566
17 74 -395
17 75 95
17 78 -142
17 81 2747
17 82 6753
17 84 -12
17 85 1423
17 87 2684
17 89 5902
17 92 3930
17 94 944
17 96 1802
17 97 131
17 98 1956
17 102 8326
17 106 8202
17 110 6400
17 111 2969
17 118 5445
17 119 3850
17 120 1023
17 121 7260
17 122 380
17 125 -16
17 134 310
17 136 7895
17 137 3073
17 138 9119
17 142 7299
17 147 661
17 149 1222
17 150 7656
17 151 6352
17 152 9472
17 154 -319
18 19 8814
18 20 3739
18 25 6832
18 28 4170
18 30 8794
18 31 6265
18 32 2484
18 34 7190
18 37 3820
18 39 6852
18 43 9050
18 46 5249
18 48 3518
18 50 5994
18 51 5467
18 55 5457
18 56 4182
18 57 654
18 59 2174
18 60 1174
18 61 4318
18 64 6583
18 65 7180
18 67 7265
18 68 9464
18 72 793
18 74 8510
18 76 4475
18 86 -361
18 87 1730
18 90 2588
18 98 2349
18 100 2844
18 101 292
18 103 -424
18 104 5967
18 105 5431
18 109 1153
18 110 2519
18 115 2146
18 116 8367
18 118 -62
18 121 8700
18 125 8159
18 126 374
18 128 1346
18 130 7383
18 131 2372
18 132 1234
18 133 5992
18 137 107
18 141 8199
18 144 5748
18 145 2789
18 146 4255
18 147 4249
18 149 4392
18 150 6908
18 152 7017
18 154 8678
18 159 8154
18 160 6766
19 20 3960
19 24 2540
19 34 4851
19 36 8862
19 37 5873
19 40 1344
19 43 6445
19 44 4795
19 47 5569
19 48 1389
19 51 -231
19 52 3837
19 53 2734
19 57 2324
19 59 4264
19 62 426
19 63 4522
19 64 1698
19 65 110
19 66 2356
19 68 -500
19 69 3245
19 71 2549
19 72 6958
19 73 1566
19 77 5333
19 78 2265
19 82 4425
19 85 695
19 88 865
19 89 6096
19 93 2399
19 99 6924
19 100 4176
19 102 6039
19 103 7244
19 110 4006
19 112 2293
19 115 9437
19 116 940
19 117 8711
19 118 8762
19 120 5125
19 121 3602
19 126 8897
19 128 3302
19 136 7107
19 139 5996
19 143 3383
19 144 2884
19 146 1243
19 147 5966
19 148 787
19 151 -89
19 156 4287
19 158 149
19 160 2102
20 23 9393
20 24 2446
20 28 -125
20 31 1900
20 32 5862
20 35 790
20 37 4054
20 38 2632
20 39 2518
20 45 -276
20 46 4543
20 50 7261
20 56 3454
20 58 4802
20 64 3642
20 66 -1
20 70 9180
20 74 -269
20 75 7030
20 78 3497
20 79 4330
20 85 2042
20 87 4241
20 88 7859
20 94 3341
20 96 4830
20 97 3866
20 101 -236
20 104 2706
20 105 2574
20 109 4831
20 110 -436
20 113 1551
20 116 4752
20 118 6123
20 119 4041
20 120 8961
20 121 2615
20 124 7217
20 125 8296
20 126 5198
20 127 4327
20 128 9364
20 129 7629
20 132 892
20 137 4600
20 141 -478
20 143 2335
20 145 -142
20 146 3340
20 147 8146
20 148 3473
20 149 6011
20 151 9472
20 154 8688
20 156 9448
20 158 6232
21 29 5803
21 32 2953
21 33 7121
21 34 4100
21 39 9226
21 41 1724
21 42 4539
21 47 4156
21 49 4071
21 52 4800
21 57 5797
21 60 1073
21 62 6830
21 68 -105
21 71 4922
21 73 8368
21 77 3504
21 79 4366
21 81 6595
21 83 8627
21 84 1760
21 86 6782
21 95 8944
21 96 1922
21 98 7589
21 103 1303
21 107 1073
21 111 4855
21 112 8064
21 117 7444
21 118 1112
21 122 2212
21 123 2282
21 126 8882
21 127 2400
21 128 6196
21 129 894
21 130 3077
21 138 8434
21 139 4845
21 140 2491
21 142 1373
21 143 5395
21 148 2776
21 152 2012
21 153 6433
21 155 5293
21 157 -109
21 158 3778
22 25 4215
22 26 1191
22 29 2350
22 35 1424
22 37 3419
22 39 6729
22 42 3773
22 44 8774
22 45 2780
22 49 3754
22 51 9134
22 52 3206
22 55 1999
22 58 5534
22 61 -222
22 62 3588
22 66 272
22 67 299
22 71 7262
22 74 8955
22 75 560
22 79 897
22 80 8414
22 81 8346
22 82 8600
22 84 7210
22 86 445
22 89 -314
22 96 6003
22 97 2740
22 98 2691
22 100 8130
22 101 5270
22 105 1388
22 106 6843
22 109 -283
22 110 1031
22 112 3330
22 113 6307
22 114 233
22 115 1091
22 117 7617
22 119 6986
22 121 8854
22 122 3386
22 124 1585
22 125 5043
22 126 958
22 127 4019
22 132 4390
22 133 1579
22 135 218
22 136 2096
22 140 6065
22 141 1560
22 142 4908
22 144 3968
22 145 -39
22 148 894
22 149 9131
22 156 3615
22 157 2723
22 160 666
23 24 1725
23 26 583
23 27 4593
23 28 4838
23 35 7723
23 37 1419
23 39 5110
23 40 9028
23 42 2498
23 46 198
23 47 7664
23 48 2736
23 49 6839
23 51 6842
23 52 714
23 53 4987
23 54 6633
23 58 5667
23 60 698
23 65 1993
23 66 8688
23 68 8418
23 71 7642
23 73 7894
23 74 5466
23 75 6719
23 76 7524
23 78 -422
23 79 8354
23 80 2942
23 83 7830
23 86 1935
23 87 5529
23 89 5931
23 91 4171
23 95 8047
23 97 3801
23 98 1070
23 102 736
23 103 7839
23 104 7865
23 106 758
23 116 3524
23 118 8158
23 119 6017
23 122 263
23 123 625
23 124 4718
23 127 2419
23 133 9045
23 135 4656
23 136 4947
23 137 7290
23 140 9035
23 141 2089
23 143 4422
23 144 -158
23 146 4073
23 152 2752
23 156 -170
23 157 7248
23 158 9245
23 159 1480
24 28 8112
24 32 6412
24 34 7054
24 35 4759
24 40 3524
24 42 4072
24 43 5067
24 44 4895
24 48 5204
24 50 4806
24 53 2880
24 54 3904
24 56 807
24 58 3054
24 68 7698
24 71 4179
24 72 7790
24 77 139
24 78 3049
24 79 5158
24 82 8220
24 84 9194
24 86 9499
24 88 7034
24 91 5347
24 94 3931
24 95 2786
24 98 1106
24 101 6408
24 103 9468
24 106 499
24 107 1492
24 109 3743
24 110 3703
24 111 9131
24 114 160
24 123 5450
24 128 7320
24 131 7283
24 135 9026
24 138 6840
24 141 3730
24 143 1790
24 144 2144
24 145 9051
24 148 2696
24 150 -312
24 153 157
24 155 546
24 156 2958
24 158 1343
25 28 4850
25 29 8568
25 30 4071
25 32 7161
25 34 4220
25 36 7040
25 38 5970
25 39 7361
25 42 6646
25 45 2134
25 46 7283
25 48 6131
25 51 5368
25 55 8282
25 58 179
25 61 6101
25 62 6529
25 67 9200
25 69 2764
25 72 -445
25 73 862
25 74 1063
25 76 9371
25 79 2088
25 82 9487
25 83 5331
25 86 4019
25 87 5010
25 88 7635
25 93 -27
25 94 1329
25 95 1621
25 96 3978
25 98 6235
25 103 8566
25 107 8077
25 109 4992
25 110 3932
25 118 6409
25 119 9481
25 121 9055
25 123 9401
25 128 4327
25 132 1024
25 133 4059
25 134 903
25 136 2905
25 137 4404
25 138 8409
25 139 9054
25 140 6604
25 142 4071
25 146 2516
25 148 7525
25 149 1384
25 154 8385
25 155 8986
26 30 4303
26 31 2420
26 32 5851
26 35 8891
26 37 4162
26 40 5660
26 41 8054
26 44 4199
26 48 8446
26 51 197
26 52 4044
26 53 8749
26 55 -160
26 57 4369
26 62 2767
26 63 9375
26 65 4211
26 67 9485
26 68 8815
26 69 182
26 70 5654
26 71 6063
26 73 6791
26 74 4619
26 75 9363
26 77 2219
26 79 4080
26 82 581
26 85 5034
26 91 2669
26 94 8802
26 96 7117
26 97 7160
26 101 6060
26 104 8772
26 112 3671
26 117 6349
26 118 -282
26 120 3969
26 121 295
26 122 1379
26 127 6448
26 128 3495
26 129 1917
26 133 6784
26 134 764
26 135 5231
26 136 -407
26 137 618
26 138 283
26 143 2898
26 145 262
26 146 2663
26 148 4944
26 149 1978
26 151 8601
26 156 7681
26 158 385
26 159 4668
26 160 947
27 28 -352
27 29 4110
27 30 7970
27 32 3085
27 33 841
27 37 623
27 38 9362
27 41 6379
27 43 1225
27 45 8985
27 53 2612
27 54 9077
27 56 1847
27 57 9258
27 58 3161
27 64 1371
27 68 2544
27 76 8259
27 78 3020
27 79 3192
27 80 6780
27 81 1848
27 83 2132
27 84 853
27 86 7161
27 95 5178
27 97 4860
27 98 2795
27 99 3192
27 103 5022
27 104 1294
27 106 2451
27 107 8204
27 109 3243
27 114 -88
27 115 7095
27 119 1000
27 121 2550
27 123 1941
27 124 7239
27 128 612
27 132 4374
27 136 2916
27 141 1285
27 144 2722
27 146 4454
27 150 2058
27 152 -12
27 155 7277
27 159 9270
28 31 1760
28 33 5049
28 36 1574
28 38 2063
28 43 5072
28 44 4642
28 47 7015
28 48 4334
28 51 101
28 53 4281
28 56 4499
28 58 2083
28 60 5501
28 62 520
28 63 8180
28 64 3093
28 66 4730
28 67 7652
28 69 6028
28 70 1850
28 73 5452
28 74 3910
28 75 4268
28 80 6849
28 83 6987
28 85 1493
28 87 5069
28 88 2730
28 90 118
28 91 9008
28 94 8817
28 95 -387
28 96 8328
28 98 2170
28 101 1671
28 102 5681
28 104 5139
28 105 558
28 108 2381
28 109 1296
28 111 -136
28 114 -219
28 115 9302
28 120 1021
28 125 8693
28 126 893
28 127 4014
28 131 4994
28 133 1743
28 134 7120
28 135 4951
28 136 -326
28 139 6520
28 141 9233
28 142 391
28 144 3384
28 145 4891
28 148 4414
28 157 8037
28 158 1015
28 160 1577
29 33 2334
29 40 956
29 41 1701
29 42 6760
29 43 2751
29 44 8899
29 45 6251
29 46 1913
29 47 6956
29 49 3242
29 53 4991
29 54 3710
29 56 9040
29 63 7123
29 64 1054
29 72 6266
29 77 -385
29 79 7547
29 81 2067
29 82 8002
29 85 6437
29 87 338
29 88 436
29 90 5684
29 95 7460
29 96 4907
29 97 -7
29 99 9267
29 101 3886
29 103 5163
29 105 5401
29 107 6800
29 109 5160
29 112 4981
29 116 3709
29 117 3713
29 118 7368
29 121 4960
29 122 3837
29 124 6612
29 126 6345
29 128 1010
29 130 5406
29 131 1223
29 135 390
29 146 6365
29 150 5586
29 151 5004
29 152 6424
29 158 2880
30 31 9351
30 36 6408
30 41 6157
30 46 5078
30 48 6272
30 52 2839
30 53 2093
30 55 5358
30 58 5460
30 59 499
30 60 1299
30 64 7432
30 65 3269
30 68 8914
30 69 9257
30 71 4995
30 84 5877
30 92 3929
30 95 -216
30 96 1097
30 99 -228
30 102 3307
30 104 -232
30 105 436
30 107 8947
30 108 8552
30 111 2501
30 115 5532
30 116 9357
30 117 3971
30 120 64
30 125 8207
30 129 9205
30 130 7769
30 138 4866
30 141 5189
30 143 6676
30 147 8291
30 148 -99
30 149 8515
30 152 7013
30 153 5201
30 154 2987
30 155 1771
31 32 2787
31 42 3748
31 46 5499
31 47 1604
31 56 7228
31 57 9229
31 58 2601
31 59 2335
31 60 6791
31 61 2267
31 62 3613
31 64 1722
31 65 6775
31 67 -269
31 69 2187
31 70 8429
31 73 5937
31 77 3639
31 78 5777
31 80 6693
31 81 8985
31 82 9207
31 84 425
31 85 5972
31 87 7215
31 89 3100
31 90 4078
31 92 2691
31 102 2070
31 103 4365
31 106 4837
31 109 3988
31 113 4822
31 114 6710
31 117 3290
31 119 3723
31 123 4432
31 124 5100
31 129 6235
31 131 7083
31 135 7385
31 142 532
31 143 9027
31 144 3085
31 146 1755
31 153 6137
31 158 1797
31 160 7192
32 33 5605
32 35 7207
32 42 570
32 43 539
32 45 5478
32 50 4488
32 54 2128
32 55 1493
32 63 6822
32 64 3640
32 66 4149
32 69 2662
32 70 5605
32 71 8822
32 74 1470
32 75 1963
32 77 -99
32 82 3970
32 86 -148
32 87 1108
32 89 8634
32 93 3618
32 94 5978
32 96 1904
32 98 6760
32 100 655
32 103 4852
32 104 5560
32 109 4717
32 110 398
32 114 7968
32 118 121
32 121 6160
32 122 5550
32 124 6715
32 125 3369
32 126 4298
32 128 5267
32 131 2705
32 132 4513
32 133 5458
32 138 2896
32 139 -35
32 142 5951
32 143 5945
32 148 7982
32 151 1481
32 154 4669
32 156 6139
32 158 2065
32 159 3923
33 38 5043
33 40 7112
33 42 2753
33 44 2281
33 45 6943
33 48 1947
33 49 8037
33 52 7305
33 53 2006
33 59 5097
33 63 9189
33 64 8062
33 65 7508
33 66 -190
33 67 2654
33 69 851
33 71 8685
33 72 3642
33 77 6231
33 78 6808
33 79 5548
33 87 1885
33 88 2983
33 93 6426
33 94 3928
33 102 1154
33 104 3951
33 106 9350
33 108 6704
33 112 8855
33 116 -242
33 118 1841
33 123 362
33 124 5684
33 128 3675
33 130 8937
33 131 4454
33 132 6846
33 133 2135
33 138 8176
33 142 390
33 143 2824
33 144 4858
33 145 1044
33 150 -181
33 152 5697
33 155 -224
33 158 6268
33 160 332
34 36 1717
34 38 9088
34 39 9489
34 44 208
34 51 8199
34 53 6606
34 56 8347
34 57 6480
34 61 4985
34 67 442
34 68 7724
34 74 6095
34 75 8375
34 80 6296
34 84 -234
34 86 7139
34 92 2475
34 95 6174
34 96 1122
34 101 7610
34 102 7375
34 104 3263
34 111 1281
34 112 2136
34 113 8920
34 114 2076
34 115 7534
34 116 3234
34 117 2641
34 118 1811
34 123 1299
34 125 8552
34 127 6304
34 129 20
34 132 5660
34 135 6043
34 138 5726
34 140 1075
34 141 6129
34 146 3116
34 147 4175
34 149 -431
34 151 2228
34 154 8084
34 158 1803
35 37 7701
35 40 5476
35 45 4494
35 55 6955
35 60 4658
35 69 3794
35 71 2563
35 74 -377
35 75 5749
35 79 142
35 80 -106
35 82 8386
35 86 34
35 87 2836
35 88 5314
35 90 3144
35 91 3954
35 92 7799
35 93 2409
35 94 8369
35 96 6988
35 101 543
35 102 3693
35 103 2885
35 104 2118
35 105 3373
35 107 1450
35 109 8864
35 111 4889
35 113 4328
35 114 3420
35 116 1877
35 119 5635
35 121 1643
35 122 7529
35 124 1752
35 126 2070
35 129 4001
35 130 6709
35 140 1005
35 143 8044
35 144 9445
35 148 2516
35 149 7720
35 150 -238
35 153 6269
35 154 128
35 158 1510
35 159 3650
35 160 5551
36 40 7913
36 42 814
36 46 5519
36 49 4652
36 52 5538
36 53 5318
36 54 8868
36 55 1776
36 57 5377
36 58 964
36 64 4614
36 65 2037
36 72 4635
36 75 3730
36 81 -431
36 84 5191
36 86 8490
36 90 6000
36 92 3630
36 93 7228
36 95 2978
36 96 4897
36 97 6384
36 103 5816
36 108 7037
36 109 4320
36 110 3584
36 113 8896
36 117 4531
36 118 -2
36 120 2379
36 122 1569
36 124 4225
36 125 5833
36 126 357
36 127 9206
36 128 2276
36 131 5010
36 133 5237
36 135 7216
36 140 8581
36 145 594
36 146 266
36 152 6677
36 156 5261
36 157 4044
36 158 -249
36 159 8534
37 38 5491
37 39 3323
37 45 832
37 46 7373
37 48 9060
37 49 1217
37 52 8675
37 53 8242
37 54 1824
37 58 923
37 59 2397
37 60 1790
37 61 8004
37 66 -68
37 68 3154
37 72 8722
37 73 9084
37 74 -463
37 75 7018
37 76 6518
37 78 1975
37 81 -307
37 86 -139
37 92 7708
37 93 7324
37 95 1839
37 99 1237
37 100 7989
37 101 6630
37 103 6357
37 107 466
37 111 9037
37 112 5105
37 114 4726
37 115 3658
37 116 635
37 119 1659
37 120 1862
37 124 6038
37 126 582
37 128 7107
37 132 6926
37 135 7839
37 136 6828
37 141 292
37 146 3672
37 150 6527
37 153 2941
37 154 8186
37 156 3737
37 159 5892
38 42 2662
38 43 1132
38 47 3432
38 48 2064
38 49 3725
38 50 7139
38 54 -290
38 56 8494
38 59 1124
38 60 6909
38 61 8104
38 63 8385
38 69 -382
38 74 6
38 75 4028
38 76 1547
38 77 1387
38 79 5972
38 81 9056
38 86 -426
38 89 3236
38 90 2024
38 91 2086
38 92 8626
38 93 4342
38 94 9069
38 96 2676
38 100 1886
38 107 6680
38 108 440
38 109 8712
38 111 9110
38 113 7314
38 114 8475
38 115 2413
38 116 6466
38 117 6049
38 118 9262
38 119 8129
38 123 376
38 124 5345
38 125 1740
38 128 -499
38 129 8691
38 135 8892
38 137 5524
38 138 8905
38 140 8615
38 144 2693
38 147 3949
38 148 6766
38 150 7011
38 151 -379
38 159 -8
39 41 6664
39 43 9262
39 45 3037
39 51 566
39 58 6504
39 61 1022
39 68 3783
39 70 7418
39 71 3465
39 74 9241
39 76 7390
39 80 8272
39 82 1759
39 85 8545
39 86 548
39 91 6128
39 92 1106
39 95 3645
39 102 8090
39 103 6069
39 106 5340
39 107 1292
39 108 5929
39 110 8286
39 114 -252
39 118 6553
39 119 8102
39 120 6160
39 123 5195
39 124 416
39 126 4795
39 127 5998
39 128 6159
39 134 1346
39 136 9106
39 138 4480
39 139 2842
39 142 7571
39 143 6519
39 144 404
39 146 8088
39 148 9306
39 156 2030
39 157 -128
39 159 7489
39 160 3488
40 41 747
40 42 5568
40 44 1743
40 46 12
40 47 6264
40 49 8820
40 51 5013
40 58 3768
40 60 6592
40 65 2269
40 67 9109
40 69 935
40 70 3202
40 74 5251
40 77 6790
40 78 7153
40 80 1508
40 82 2874
40 84 3283
40 85 1030
40 89 4860
40 90 8567
40 92 7516
40 93 4031
40 95 5136
40 105 4406
40 108 1781
40 109 7908
40 110 8644
40 112 2377
40 114 7116
40 115 3228
40 118 3039
40 120 851
40 121 -307
40 123 3158
40 124 3597
40 125 4869
40 129 251
40 130 8279
40 132 1288
40 133 -152
40 134 -498
40 138 2976
40 145 3648
40 147 6154
40 154 1604
40 155 5042
40 157 6989
40 158 -125
40 160 5020
41 42 7712
41 44 4207
41 45 7937
41 46 -429
41 47 2399
41 48 2515
41 49 2039
41 51 1846
41 52 1043
41 53 3643
41 54 4086
41 59 7510
41 61 2793
41 63 -421
41 73 4061
41 75 741
41 81 1673
41 82 8676
41 84 752
41 87 5996
41 88 1521
41 91 8999
41 93 4521
41 94 4991
41 96 8281
41 100 8355
41 101 7979
41 102 8530
41 103 1898
41 111 1462
41 112 6948
41 114 9383
41 117 5452
41 118 1580
41 120 8661
41 121 9317
41 125 7133
41 128 548
41 129 2233
41 130 2808
41 132 4968
41 135 7102
41 137 507
41 141 1896
41 142 1532
41 146 9015
41 148 4302
41 150 2527
41 156 4696
41 159 7215
41 160 2757
42 43 7843
42 45 5771
42 46 344
42 47 464
42 57 5837
42 59 5371
42 64 7671
42 66 4528
42 68 5813
42 69 5300
42 70 -387
42 71 2071
42 72 -58
42 74 2698
42 75 5146
42 76 4039
42 77 7700
42 79 4143
42 82 2083
42 85 4620
42 88 8494
42 90 2735
42 91 -460
42 92 9055
42 94 1401
42 95 5636
42 97 7600
42 100 3114
42 103 4385
42 107 9344
42 109 915
42 110 1933
42 111 1833
42 113 318
42 115 5940
42 116 8513
42 117 4680
42 119 7880
42 120 2402
42 121 8274
42 123 5570
42 128 7248
42 129 3036
42 130 7150
42 132 -202
42 135 7055
42 136 7837
42 137 198
42 138 1646
42 139 5371
42 143 3361
42 145 5026
42 154 2518
42 155 1326
42 156 8303
43 45 38
43 47 3413
43 48 4540
43 58 2519
43 61 5688
43 66 5646
43 67 2395
43 72 7663
43 73 3323
43 74 8327
43 77 532
43 78 835
43 81 3821
43 82 3459
43 84 1438
43 85 6517
43 86 7521
43 88 4198
43 89 9335
43 92 3186
43 97 4143
43 103 841
43 104 -47
43 107 9313
43 110 8268
43 112 5212
43 115 4457
43 116 7807
43 119 6891
43 121 8452
43 125 -81
43 126 9383
43 128 8669
43 130 7114
43 134 8823
43 136 4749
43 139 -151
43 141 4067
43 146 8564
43 149 -212
43 152 7294
43 158 529
43 159 197
43 160 5441
44 45 4034
44 46 -246
44 47 7251
44 48 847
44 49 4515
44 50 3383
44 53 1579
44 56 7131
44 61 1408
44 64 9441
44 65 3124
44 66 7936
44 67 8415
44 68 6479
44 69 5198
44 70 9193
44 71 1174
44 73 6652
44 75 3841
44 76 2161
44 78 2315
44 80 -78
44 81 9159
44 82 8149
44 84 8276
44 85 6842
44 87 3995
44 89 6665
44 91 6386
44 93 -412
44 94 3206
44 95 162
44 97 2681
44 98 9043
44 100 8941
44 101 9468
44 103 8915
44 104 5718
44 105 -272
44 106 5848
44 108 4508
44 110 5605
44 112 6520
44 113 3548
44 115 263
44 119 970
44 120 1023
44 121 6300
44 124 1977
44 127 1779
44 128 2537
44 131 492
44 135 4953
44 136 2963
44 143 5735
44 144 8352
44 149 944
44 150 7658
44 156 5187
45 49 5791
45 53 8911
45 54 7307
45 55 4276
45 57 7157
45 58 231
45 59 -230
45 65 7325
45 67 7064
45 71 6030
45 75 8606
45 76 9340
45 77 7014
45 79 942
45 82 4957
45 84 4164
45 90 5900
45 92 3875
45 97 3981
45 102 615
45 103 8563
45 106 2631
45 108 4716
45 109 5220
45 114 1409
45 117 4704
45 125 8766
45 127 3786
45 128 1463
45 129 6581
45 131 426
45 133 577
45 134 4932
45 135 6180
45 137 7911
45 139 5971
45 140 8364
45 142 3533
45 143 6545
45 145 3700
45 147 450
45 149 6018
45 152 215
45 158 8175
45 159 3834
45 160 567
46 47 4341
46 51 3504
46 53 -461
46 57 2680
46 60 5422
46 65 6048
46 66 8385
46 67 4136
46 68 8856
46 71 -206
46 72 4414
46 73 2939
46 74 5922
46 76 5383
46 77 6158
46 79 4862
46 82 -138
46 84 9070
46 85 7472
46 86 8334
46 87 5547
46 92 4282
46 93 7437
46 94 2706
46 95 7912
46 97 -476
46 98 2059
46 99 7649
46 102 1590
46 103 7465
46 104 8805
46 108 4046
46 111 8633
46 114 3926
46 116 5416
46 117 5756
46 118 -116
46 120 188
46 125 -93
46 126 1245
46 128 1776
46 130 6727
46 131 5439
46 132 9050
46 133 8529
46 135 4523
46 138 4001
46 139 4215
46 142 8590
46 143 113
46 145 4602
46 146 6031
46 147 1295
46 148 9493
46 152 4097
46 153 56
46 154 2522
46 155 2685
46 157 5665
46 159 9287
47 48 3279
47 51 -475
47 53 8086
47 54 3476
47 55 -414
47 58 4328
47 61 5345
47 63 4593
47 64 5201
47 65 5062
47 67 5609
47 68 4127
47 73 5225
47 74 6756
47 76 6414
47 81 6305
47 83 3019
47 87 7889
47 89 3270
47 90 3902
47 91 3141
47 94 6061
47 97 3481
47 99 2658
47 102 4553
47 104 6019
47 106 1460
47 107 8539
47 108 767
47 112 6979
47 113 5702
47 116 5797
47 120 261
47 122 7104
47 123 2343
47 124 2232
47 125 -495
47 127 8688
47 130 3302
47 131 -228
47 133 790
47 134 -64
47 135 4359
47 138 1512
47 139 1489
47 142 6795
47 146 4176
47 147 2296
47 148 4598
47 149 6232
47 153 6559
47 155 6364
48 49 7342
48 55 6727
48 56 4483
48 62 4600
48 63 4044
48 64 7914
48 68 -474
48 70 5297
48 71 5730
48 72 6545
48 73 9167
48 75 5005
48 76 5833
48 77 9042
48 78 7017
48 82 3034
48 86 8867
48 89 7359
48 90 371
48 91 1467
48 92 230
48 95 7638
48 99 7883
48 100 3249
48 106 2968
48 107 1016
48 110 6199
48 114 296
48 116 40
48 119 1128
48 122 2395
48 125 3744
48 127 2321
48 129 673
48 133 2308
48 139 1017
48 140 4624
48 145 1441
48 146 9371
48 147 7019
48 148 2050
48 157 7620
48 159 4933
48 160 553
49 50 5834
49 52 3655
49 55 990
49 59 3607
49 61 8581
49 64 6054
49 66 8167
49 68 6853
49 69 5396
49 73 -444
49 74 2979
49 76 1564
49 79 9037
49 81 6483
49 82 6752
49 84 2668
49 87 -93
49 88 8523
49 89 1059
49 91 3892
49 93 4216
49 95 1153
49 104 3293
49 108 543
49 110 2676
49 111 6289
49 112 2847
49 113 7071
49 114 317
49 115 8615
49 117 4501
49 119 6473
49 120 7823
49 124 5771
49 125 7588
49 126 5942
49 128 465
49 132 9381
49 136 608
49 146 6601
49 147 4447
49 148 5951
49 149 7719
49 150 -279
49 153 5405
49 156 7437
49 157 8605
49 158 5671
49 160 5993
50 52 1900
50 54 5379
50 59 3246
50 60 79
50 62 8402
50 64 8429
50 65 4693
50 72 2499
50 81 7379
50 82 -444
50 83 7686
50 88 8840
50 97 5365
50 99 6811
50 100 4888
50 106 7633
50 109 935
50 110 2165
50 112 1557
50 117 6715
50 118 730
50 121 4334
50 125 1907
50 126 1865
50 127 268
50 134 1538
50 137 3097
50 139 3685
50 141 219
50 142 5000
50 144 3721
50 146 -97
50 147 8458
50 149 8792
50 151 2525
50 155 3140
50 156 8556
51 52 5992
51 54 -90
51 55 -278
51 56 552
51 57 6605
51 59 9362
51 67 8122
51 70 1442
51 71 5741
51 72 7833
51 73 1738
51 75 2211
51 79 6865
51 80 6183
51 84 3487
51 86 4361
51 88 3131
51 91 4772
51 92 2750
51 94 164
51 98 7330
51 103 8035
51 107 7313
51 108 5599
51 109 852
51 114 3904
51 115 4649
51 116 4779
51 120 2248
51 121 6575
51 128 7257
51 132 8552
51 133 1050
51 134 7034
51 135 8074
51 138 2177
51 142 5005
51 147 9301
51 153 2410
51 155 9112
52 54 1069
52 57 1951
52 58 8862
52 63 585
52 64 7322
52 65 7893
52 68 6564
52 70 4975
52 75 5529
52 77 7137
52 80 8242
52 83 648
52 86 7611
52 89 6673
52 90 3548
52 91 4355
52 94 2837
52 97 9082
52 101 754
52 113 3887
52 114 6466
52 116 8886
52 117 8556
52 119 5785
52 121 4956
52 125 3608
52 126 1355
52 127 1335
52 129 4833
52 130 3469
52 131 3825
52 132 222
52 134 8108
52 136 8463
52 141 7466
52 142 -226
52 146 3672
52 154 2459
52 155 2054
52 156 1532
52 157 8581
53 55 2693
53 57 3564
53 58 5752
53 60 5731
53 61 3594
53 62 6056
53 63 8224
53 66 2044
53 67 4559
53 73 6868
53 75 6601
53 80 3473
53 81 2501
53 83 5395
53 84 7587
53 85 7969
53 92 3646
53 93 7909
53 95 3204
53 97 1085
53 99 6150
53 101 7396
53 104 9308
53 106 1095
53 111 3151
53 112 7310
53 114 6540
53 119 697
53 120 6954
53 123 1795
53 129 6791
53 132 1373
53 133 3134
53 142 5440
53 147 1973
53 148 6178
53 153 4640
53 160 2278
54 58 3052
54 62 3385
54 63 186
54 64 426
54 67 1312
54 70 1194
54 75 7668
54 79 1178
54 80 725
54 86 5687
54 89 8228
54 92 7125
54 98 -296
54 99 8103
54 100 5274
54 101 3352
54 102 4686
54 106 7604
54 117 5546
54 123 3379
54 126 1122
54 130 5254
54 131 6844
54 136 1419
54 143 633
54 146 8180
54 151 8588
54 154 4756
54 156 991
55 60 362
55 61 7179
55 62 100
55 64 6863
55 69 6153
55 73 1060
55 74 1357
55 76 4238
55 79 4117
55 80 8265
55 82 8299
55 86 1571
55 87 7012
55 88 -36
55 89 6183
55 91 5682
55 93 2728
55 96 1716
55 97 644
55 100 8576
55 101 1492
55 104 8160
55 105 6149
55 106 6501
55 107 -185
55 111 1581
55 118 3546
55 119 9458
55 122 5544
55 127 7545
55 129 422
55 131 -64
55 134 -36
55 135 5223
55 137 5641
55 142 3430
55 147 873
55 148 -28
55 150 2682
55 152 2175
55 155 6141
55 157 2011
55 160 786
56 58 8125
56 61 4125
56 62 2072
56 63 8819
56 65 5848
56 70 5176
56 71 441
56 73 7437
56 74 4445
56 75 250
56 76 7712
56 78 6150
56 87 5121
56 92 -265
56 94 1117
56 95 497
56 97 3025
56 98 6353
56 101 4241
56 105 2771
56 109 7945
56 110 856
56 112 6342
56 113 8779
56 122 6983
56 124 1143
56 130 8234
56 134 4113
56 135 6579
56 136 4262
56 137 8699
56 138 4358
56 143 8023
56 145 7188
56 146 5448
56 151 1092
56 154 6747
56 156 3736
56 157 7778
56 158 2046
57 59 3798
57 60 7224
57 62 5129
57 65 2781
57 68 6583
57 73 2400
57 74 4351
57 75 8980
57 78 249
57 83 7162
57 84 2160
57 85 7949
57 88 -318
57 90 4252
57 96 4283
57 100 1183
57 104 1279
57 107 3070
57 112 3147
57 114 2066
57 115 2727
57 120 8138
57 122 2347
57 124 -39
57 125 5719
57 127 8134
57 135 -338
57 137 6955
57 141 9042
57 144 6167
57 145 1163
57 146 339
57 150 3312
57 154 8370
57 155 6260
57 156 -208
57 157 2854
58 59 8829
58 60 1754
58 61 8103
58 67 2648
58 69 5229
58 70 6932
58 71 4598
58 74 1410
58 75 8609
58 77 6280
58 78 338
58 86 6618
58 88 1960
58 89 4873
58 91 531
58 95 6343
58 97 612
58 99 3665
58 100 2314
58 103 2002
58 106 517
58 108 -324
58 110 -332
58 113 5269
58 114 2330
58 120 485
58 122 4123
58 126 1386
58 129 4725
58 131 832
58 135 1418
58 136 119
58 139 2670
58 140 7194
58 144 6810
58 145 1928
58 147 7394
58 150 6139
58 152 5902
58 154 1329
58 155 1623
58 159 2258
58 160 4563
59 61 1455
59 62 7264
59 65 5765
59 70 2533
59 73 7473
59 75 497
59 78 9245
59 81 781
59 86 566
59 87 -473
59 90 3287
59 104 7379
59 108 1069
59 116 6924
59 119 697
59 122 3502
59 126 16
59 127 6021
59 128 5178
59 137 4991
59 139 4818
59 140 707
59 141 7743
59 143 -160
59 147 -252
59 159 2916
60 62 674
60 67 2893
60 68 3391
60 70 4909
60 73 6286
60 75 6266
60 76 575
60 78 4305
60 80 2061
60 83 4073
60 86 5220
60 88 8390
60 89 5324
60 90 191
60 93 3328
60 95 5902
60 96 4504
60 98 1177
60 100 -295
60 101 2111
60 104 9191
60 107 6184
60 108 5356
60 112 8049
60 118 -318
60 122 4507
60 126 8767
60 129 1551
60 130 1910
60 134 8993
60 135 8507
60 137 9241
60 139 8953
60 141 6214
60 147 4740
60 149 3608
60 150 6234
60 152 1645
60 154 1635
60 155 7742
60 158 7291
60 159 6314
61 62 2940
61 63 -284
61 64 980
61 68 4877
61 70 4503
61 71 2902
61 74 3798
61 77 2628
61 81 -338
61 93 4514
61 94 5651
61 97 8157
61 108 8108
61 109 5722
61 111 6179
61 115 8289
61 117 8265
61 124 445
61 125 5933
61 126 6648
61 129 4044
61 132 2781
61 136 4826
61 139 3217
61 140 6074
61 142 2146
61 145 8808
61 151 8226
61 154 1353
61 155 5329
61 158 681
61 159 6205
62 64 4561
62 67 7891
62 71 4292
62 75 -71
62 76 9270
62 78 -445
62 80 3293
62 81 3873
62 82 9077
62 89 8983
62 90 -151
62 93 9459
62 94 2857
62 98 8741
62 101 8
62 103 7679
62 105 8366
62 106 -331
62 107 6255
62 108 9051
62 111 736
62 113 -142
62 116 1777
62 122 2984
62 125 9042
62 126 4428
62 128 1071
62 129 7096
62 131 8773
62 135 3855
62 141 6893
62 143 2982
62 144 610
62 146 5694
62 148 5780
62 149 1406
62 151 8741
62 156 5779
63 65 2466
63 70 2314
63 71 3923
63 72 8026
63 73 1094
63 83 5732
63 84 6308
63 87 7382
63 89 7297
63 94 1877
63 98 6178
63 101 4636
63 105 1947
63 106 3637
63 107 4432
63 111 5510
63 114 9138
63 122 8101
63 126 6430
63 127 9254
63 129 886
63 133 5016
63 134 7741
63 136 2511
63 138 8231
63 140 5775
63 141 9278
63 142 6860
63 144 1016
63 147 2864
63 152 5141
63 155 3826
63 158 6566
63 160 8838
64 65 9311
64 67 2318
64 77 2542
64 78 311
64 90 5199
64 93 -281
64 94 9042
64 95 1296
64 99 3568
64 106 192
64 111 3467
64 114 6540
64 116 1117
64 118 570
64 120 9142
64 122 7393
64 124 2479
64 125 6999
64 129 7177
64 130 6068
64 132 1095
64 135 2586
64 136 6300
64 138 3445
64 139 2800
64 140 831
64 141 1061
64 145 5016
64 146 2806
64 147 3656
64 149 8425
64 150 7591
64 152 8346
64 155 3012
64 157 3794
64 160 957
65 67 3347
65 69 2242
65 70 2858
65 73 7598
65 75 6568
65 84 5151
65 88 -123
65 90 4559
65 92 2931
65 93 320
65 95 -271
65 96 1300
65 97 4067
65 99 4228
65 102 1407
65 106 7765
65 107 1304
65 108 505
65 111 891
65 112 7291
65 116 4914
65 118 4359
65 121 -277
65 122 5717
65 123 4212
65 125 125
65 126 8326
65 131 6593
65 133 7503
65 135 4233
65 136 4171
65 137 1267
65 138 606
65 139 6626
65 141 8313
65 147 4342
65 148 3110
65 152 6397
65 153 1043
65 156 5712
66 68 5779
66 69 3535
66 70 261
66 71 8792
66 72 9050
66 74 9335
66 76 5117
66 77 9286
66 81 2716
66 84 6820
66 85 6905
66 90 960
66 91 5820
66 93 8171
66 94 4981
66 96 8672
66 100 2574
66 102 6504
66 107 1303
66 111 863
66 114 4429
66 115 7083
66 116 5939
66 120 597
66 121 2609
66 122 3623
66 125 2204
66 126 6557
66 128 3792
66 130 3386
66 132 3814
66 134 753
66 136 856
66 140 -328
66 142 2528
66 143 785
66 145 7580
66 146 2203
66 147 666
66 152 7087
66 155 9270
66 157 4328
67 68 2819
67 69 2522
67 72 255
67 74 8656
67 75 8116
67 77 6788
67 78 706
67 80 2869
67 83 7667
67 84 7049
67 88 141
67 90 8590
67 92 3125
67 97 85
67 98 1278
67 104 1946
67 105 432
67 106 8782
67 109 9173
67 113 9224
67 119 6227
67 122 6417
67 123 4738
67 124 6958
67 135 -38
67 137 8641
67 139 8032
67 141 6552
67 143 3048
67 145 2655
67 146 6776
67 147 4465
67 149 1927
67 157 5975
67 158 900
67 160 4614
68 71 1570
68 72 751
68 76 7022
68 78 901
68 82 1301
68 88 6698
68 95 424
68 97 2837
68 98 7696
68 99 4254
68 101 1510
68 104 8741
68 105 6616
68 108 8507
68 113 6557
68 114 5235
68 115 438
68 116 7237
68 117 3377
68 119 3477
68 123 6801
68 127 5172
68 128 1373
68 129 5225
68 130 7801
68 134 1915
68 139 3274
68 140 2048
68 147 5309
68 151 9072
68 152 810
68 153 2297
68 156 4027
68 158 5527
68 159 4244
69 72 1024
69 83 7327
69 85 4106
69 86 864
69 87 1694
69 88 5150
69 89 7092
69 101 2064
69 103 7007
69 104 3510
69 106 2511
69 108 3763
69 109 3274
69 112 7245
69 114 5423
69 116 2074
69 117 8919
69 119 7308
69 121 1701
69 122 94
69 123 2226
69 127 5386
69 130 2686
69 131 8191
69 135 8645
69 136 2272
69 139 2061
69 141 1934
69 143 3562
69 147 2249
69 149 4279
69 151 1899
69 153 3334
69 154 7345
69 155 8162
69 160 6538
70 80 2675
70 82 2548
70 83 5551
70 84 7417
70 85 9159
70 86 5001
70 89 6839
70 92 6913
70 96 931
70 101 -500
70 103 5142
70 104 6989
70 105 1356
70 107 219
70 109 2254
70 110 -444
70 112 4022
70 113 1882
70 114 9355
70 115 -255
70 117 1030
70 118 6391
70 119 6226
70 121 5922
70 124 441
70 125 5512
70 133 4112
70 136 -420
70 137 6731
70 138 9446
70 140 1015
70 141 9059
70 142 2728
70 143 2702
70 144 6141
70 146 5202
70 148 3501
70 150 6153
70 153 -318
70 156 -45
70 157 8113
70 159 5942
71 72 3860
71 75 2215
71 77 6397
71 78 4320
71 79 5159
71 82 7307
71 84 5914
71 85 5512
71 87 1660
71 90 8718
71 93 5762
71 95 5686
71 98 909
71 100 7863
71 102 5901
71 105 3763
71 107 739
71 108 9379
71 109 2225
71 110 569
71 118 1930
71 119 2250
71 124 8490
71 125 2509
71 130 3808
71 138 575
71 142 7181
71 143 4969
71 144 2721
71 145 3589
71 147 1255
71 148 1141
71 149 7196
71 151 6208
71 153 409
71 154 -455
71 158 6020
72 74 231
72 75 6386
72 76 5769
72 79 2471
72 80 4933
72 83 6825
72 85 272
72 88 8849
72 94 2211
72 95 5042
72 103 7670
72 105 5032
72 106 4782
72 111 2218
72 113 3648
72 114 4119
72 115 5954
72 118 1900
72 119 6014
72 121 258
72 122 6732
72 123 415
72 124 4582
72 125 3165
72 126 5111
72 127 3220
72 132 7791
72 136 1952
72 137 5847
72 139 8064
72 144 4275
72 145 3104
72 146 6776
72 147 5044
72 149 1371
72 155 3210
72 159 7769
73 75 6143
73 78 7836
73 81 2683
73 82 8010
73 85 4381
73 87 442
73 88 4792
73 89 2538
73 94 7316
73 95 6895
73 97 194
73 99 2063
73 107 2842
73 110 1870
73 113 6892
73 119 8149
73 121 8198
73 123 3053
73 127 4088
73 128 -167
73 130 -189
73 133 -190
73 134 77
73 137 -47
73 139 9014
73 141 7882
73 143 7399
73 145 4573
73 146 627
73 147 2232
73 148 3874
73 149 -95
73 152 6364
73 158 9493
73 159 7226
74 75 9082
74 77 3452
74 78 7053
74 79 4088
74 81 8599
74 86 2571
74 87 1331
74 90 1360
74 91 4144
74 103 3991
74 105 2044
74 106 1064
74 109 6302
74 113 1208
74 114 2947
74 116 1070
74 117 6689
74 122 7694
74 129 2480
74 131 7015
74 132 2141
74 135 415
74 136 6000
74 137 7708
74 138 6095
74 140 -362
74 149 1125
74 152 585
74 154 -326
75 76 1995
75 77 8677
75 78 1709
75 79 6854
75 81 9465
75 83 5466
75 85 1054
75 89 5935
75 95 1094
75 97 9322
75 101 2758
75 102 -220
75 108 4454
75 109 1425
75 114 6
75 115 7357
75 120 455
75 123 1692
75 126 8540
75 127 6378
75 129 5628
75 130 6213
75 138 311
75 143 3699
75 146 4868
75 147 -249
75 149 1861
75 150 5981
75 151 2914
75 153 5484
75 155 6991
75 157 4999
75 158 7882
75 160 2315
76 79 255
76 80 2890
76 82 6078
76 84 6359
76 90 4799
76 91 5758
76 93 5218
76 95 2010
76 97 4671
76 98 2573
76 99 7905
76 101 2682
76 106 4802
76 112 5260
76 115 428
76 117 9456
76 118 -325
76 122 -380
76 123 7854
76 125 4721
76 130 5830
76 137 8319
76 138 1690
76 140 8718
76 142 2207
76 144 3808
76 146 4332
76 150 4572
76 151 477
76 154 7800
76 155 2521
76 159 2693
77 79 3679
77 80 1730
77 85 8226
77 87 2021
77 90 5996
77 91 1009
77 92 -144
77 93 3819
77 95 3706
77 96 6674
77 97 9065
77 99 9238
77 101 4175
77 102 1681
77 105 3027
77 109 2681
77 110 4036
77 111 6244
77 112 2322
77 113 2873
77 115 6225
77 116 5606
77 119 -210
77 122 6386
77 132 8245
77 134 7510
77 136 2622
77 137 -236
77 139 8736
77 141 7601
77 142 9083
77 144 1728
77 145 3162
77 148 4482
77 149 5852
77 151 5109
77 152 7402
77 156 1198
77 158 2986
77 159 4090
77 160 6999
78 80 8153
78 82 224
78 83 2920
78 84 2651
78 85 3339
78 89 5067
78 90 4189
78 91 9489
78 92 9252
78 96 8391
78 97 335
78 98 2041
78 100 746
78 104 5132
78 106 7188
78 107 5102
78 109 7424
78 114 1433
78 115 297
78 117 6390
78 118 5627
78 119 5247
78 121 4858
78 123 4723
78 124 2711
78 126 1316
78 128 4306
78 131 1954
78 132 184
78 136 4863
78 139 1104
78 140 9104
78 142 4779
78 143 9381
78 147 4701
78 148 6726
78 149 4598
78 150 4770
78 153 4344
78 154 6550
78 156 1952
78 158 8740
79 82 6757
79 88 7938
79 90 2339
79 91 6370
79 93 4138
79 94 8967
79 100 2328
79 101 8865
79 102 3136
79 106 3647
79 110 3977
79 112 5074
79 113 3706
79 116 4711
79 117 6219
79 124 1333
79 126 7762
79 130 7804
79 131 5283
79 134 -126
79 136 5035
79 137 7998
79 138 7959
79 139 1747
79 144 2502
79 145 6354
79 146 708
79 149 4668
79 151 7438
79 152 -44
79 153 6787
79 156 8506
79 157 1468
79 159 5320
80 84 5420
80 86 3984
80 91 8222
80 93 1626
80 98 2274
80 102 6017
80 106 7928
80 107 4902
80 108 5863
80 110 2030
80 111 4199
80 115 3918
80 116 3949
80 122 4961
80 123 3455
80 124 3342
80 126 -157
80 128 9385
80 131 5131
80 140 2129
80 141 6398
80 146 9221
80 149 89
80 150 6571
80 151 3506
80 152 6487
80 157 975
80 158 6651
81 86 3265
81 87 6340
81 88 9181
81 91 2573
81 92 5287
81 94 1012
81 95 7109
81 96 2134
81 97 1859
81 101 -5
81 111 7644
81 112 5139
81 114 4461
81 115 7838
81 119 3951
81 122 7895
81 123 1885
81 124 4908
81 131 8186
81 138 6642
81 142 7826
81 144 4683
81 145 3535
81 151 5413
81 153 4102
81 155 -105
81 156 9290
81 157 8561
81 160 7098
82 86 5325
82 88 8415
82 89 9088
82 90 1414
82 95 5872
82 100 -352
82 106 4201
82 108 2074
82 115 3907
82 117 7289
82 122 4589
82 123 6254
82 124 5659
82 129 1453
82 130 8764
82 133 8767
82 134 1272
82 137 4945
82 143 5853
82 144 47
82 146 1350
82 149 379
82 150 8428
82 152 2196
82 153 2666
82 154 692
82 155 6869
82 156 4661
82 157 -278
82 158 2668
83 84 -187
83 85 6497
83 87 4974
83 88 -111
83 90 7813
83 91 694
83 93 4989
83 94 2353
83 95 5011
83 96 5514
83 97 7576
83 101 7373
83 102 5540
83 103 306
83 105 354
83 108 7953
83 109 6141
83 111 900
83 116 4313
83 117 8370
83 118 1861
83 121 5520
83 123 9408
83 129 2105
83 130 2392
83 134 4862
83 138 5735
83 141 2474
83 143 5088
83 146 4096
83 149 8861
83 154 5723
83 155 1567
83 156 1835
83 158 6878
84 88 8165
84 90 1583
84 95 3009
84 96 4712
84 97 6207
84 99 927
84 104 -38
84 106 9296
84 107 1098
84 109 4613
84 110 7633
84 120 5685
84 124 5371
84 127 7172
84 128 9405
84 129 7325
84 131 6103
84 132 9305
84 133 1879
84 135 9183
84 136 7527
84 139 7152
84 141 8592
84 142 9169
84 144 8944
84 145 3204
84 146 4091
84 147 8697
84 151 6523
84 152 2606
84 153 195
84 154 5938
84 155 3319
84 156 9275
84 158 8212
85 86 4690
85 87 3833
85 89 3208
85 91 5031
85 92 5296
85 93 9293
85 100 8590
85 102 6912
85 105 4795
85 111 5221
85 115 3983
85 116 1942
85 118 3170
85 119 7885
85 120 5557
85 124 7861
85 129 2133
85 130 4229
85 132 5999
85 133 1273
85 137 274
85 140 1193
85 141 4235
85 150 8536
85 152 5548
85 156 2557
85 157 4121
85 158 4703
86 88 5017
86 89 4411
86 90 7878
86 95 3117
86 97 8696
86 103 4536
86 105 4562
86 106 2188
86 107 7030
86 108 3990
86 110 3364
86 112 7724
86 113 7374
86 115 2398
86 116 378
86 117 7582
86 118 8755
86 121 2304
86 122 8461
86 125 8125
86 128 4953
86 130 1928
86 132 3471
86 135 7653
86 136 7856
86 137 3754
86 139 7001
86 148 4905
86 149 6285
86 150 8152
86 153 4813
86 154 735
86 155 5351
86 158 5029
87 88 6157
87 90 1247
87 97 -371
87 98 6614
87 102 4012
87 104 9337
87 106 2849
87 108 8287
87 114 1821
87 126 2994
87 127 1149
87 131 778
87 132 3077
87 133 1273
87 135 5231
87 138 7905
87 142 1273
87 147 1983
87 148 5182
87 153 7917
87 155 8174
87 159 5908
88 92 7259
88 94 1685
88 95 3142
88 96 4802
88 100 4907
88 103 1571
88 104 6181
88 105 1620
88 108 1661
88 109 1147
88 110 7824
88 112 1309
88 114 5583
88 116 8421
88 117 4953
88 118 2135
88 119 2595
88 124 9475
88 126 5936
88 134 2911
88 135 3386
88 136 1144
88 147 841
88 148 -370
88 150 3750
88 151 4000
88 154 6888
88 157 -359
88 160 2901
89 90 5159
89 91 9135
89 92 -316
89 94 2540
89 96 710
89 97 8773
89 99 5901
89 100 4100
89 102 6174
89 104 8992
89 110 3100
89 115 7318
89 117 9047
89 118 3342
89 119 6661
89 124 16
89 126 -360
89 127 -430
89 131 537
89 135 5976
89 136 7415
89 137 6101
89 141 674
89 142 797
89 144 1716
89 151 1615
89 159 8457
89 160 7285
90 92 9187
90 93 4979
90 98 7719
90 99 3715
90 102 7739
90 110 8366
90 111 392
90 114 2144
90 115 3625
90 116 876
90 119 1113
90 120 -24
90 125 399
90 127 30
90 128 7589
90 131 4647
90 134 1083
90 137 8852
90 143 4764
90 145 4257
90 148 5370
90 150 7704
90 152 7264
90 153 8199
90 155 -496
90 158 2915
90 159 2634
91 92 6317
91 93 1412
91 96 8367
91 98 8723
91 105 8992
91 108 4833
91 112 6169
91 116 2479
91 117 7418
91 119 1165
91 128 484
91 132 8304
91 134 7832
91 137 3785
91 139 7605
91 140 389
91 142 3327
91 149 8928
91 150 9148
91 151 1470
91 157 3854
91 158 7162
92 93 8542
92 94 7563
92 95 8820
92 96 710
92 98 2571
92 100 5185
92 102 9026
92 103 9417
92 104 7929
92 106 5742
92 107 5752
92 108 4846
92 115 1794
92 122 8390
92 123 7451
92 124 8875
92 125 3038
92 133 5491
92 140 7040
92 142 1964
92 143 1144
92 148 1643
92 154 4374
93 95 5466
93 97 6100
93 100 8372
93 103 234
93 104 8851
93 106 3140
93 108 2798
93 110 9328
93 113 8875
93 115 2132
93 118 9274
93 119 4144
93 121 6741
93 123 6733
93 124 1706
93 126 1485
93 132 3297
93 136 81
93 139 5033
93 140 4665
93 141 7888
93 143 8975
93 147 6803
93 148 8350
93 151 5639
93 154 1863
93 155 8263
93 160 9094
94 97 9119
94 98 4079
94 108 8986
94 109 8588
94 114 615
94 116 3133
94 117 6908
94 119 3774
94 122 8544
94 123 942
94 126 546
94 129 6097
94 130 2753
94 133 3354
94 135 4534
94 136 294
94 137 6895
94 138 9371
94 146 429
94 151 2575
94 153 -61
94 154 2797
94 155 5391
94 157 2651
95 96 7937
95 99 1271
95 100 1851
95 101 6070
95 105 4546
95 106 5649
95 110 102
95 111 6194
95 113 2115
95 119 2264
95 120 2506
95 123 6478
95 128 5069
95 129 6588
95 130 9294
95 134 4740
95 135 -166
95 139 8219
95 140 4126
95 142 2642
95 145 9007
95 147 6502
95 148 357
95 149 5312
95 151 7342
95 153 5480
96 98 9338
96 101 4987
96 104 -271
96 106 3683
96 107 5743
96 111 4369
96 112 3393
96 114 -175
96 120 2219
96 123 3349
96 125 5456
96 127 4688
96 128 6458
96 130 3242
96 131 1613
96 132 6369
96 134 3042
96 135 8374
96 137 8285
96 142 4569
96 143 3281
96 145 1311
96 146 37
96 147 5728
96 148 113
96 149 6566
96 152 8231
96 153 5912
96 154 9107
96 155 9415
96 159 6286
97 104 7645
97 107 2823
97 108 1077
97 113 2262
97 114 5903
97 118 237
97 120 5067
97 124 214
97 125 7485
97 130 5566
97 132 1048
97 136 7150
97 138 5170
97 145 6238
97 147 -493
97 151 8177
97 154 79
97 156 6594
97 159 1276
98 102 6697
98 104 3874
98 105 4419
98 106 7680
98 108 8197
98 109 3225
98 112 -169
98 113 5644
98 115 5759
98 117 2441
98 118 729
98 121 6856
98 123 6396
98 124 8482
98 126 2689
98 127 3343
98 131 1638
98 133 -11
98 137 7163
98 140 9203
98 142 4038
98 145 -258
98 149 9378
98 151 9241
98 154 3721
98 158 5439
99 105 2084
99 106 7718
99 108 7646
99 109 838
99 112 5688
99 113 3059
99 116 3195
99 117 318
99 123 -335
99 124 1658
99 126 2193
99 129 2510
99 131 8195
99 132 8976
99 134 1005
99 135 3053
99 136 3310
99 138 6221
99 140 8478
99 142 7621
99 143 6775
99 146 1929
99 150 8208
99 151 976
99 155 5148
99 157 4776
100 101 5348
100 102 8574
100 103 8389
100 105 8745
100 110 6591
100 114 27
100 123 5047
100 124 2818
100 125 7853
100 126 -77
100 128 4225
100 129 219
100 132 5609
100 136 3892
100 139 7107
100 142 7741
100 144 542
100 145 713
100 148 3148
100 149 7928
100 150 1219
100 157 9458
100 160 1742
101 103 8549
101 109 8930
101 113 207
101 114 1408
101 117 8223
101 118 9143
101 128 4236
101 129 3938
101 130 6620
101 131 7391
101 132 2395
101 137 9040
101 141 6894
101 150 4911
101 152 2432
101 155 1375
102 103 633
102 107 7220
102 108 15
102 112 4272
102 113 1389
102 115 7446
102 118 331
102 119 8370
102 122 4933
102 124 4543
102 126 763
102 127 5783
102 128 7992
102 129 9253
102 131 4000
102 132 1661
102 133 -168
102 135 61
102 140 5581
102 144 7665
102 145 3927
102 147 6690
102 148 2924
102 151 5012
102 154 8708
102 157 2187
102 159 1183
102 160 113
103 105 7504
103 106 -500
103 107 2784
103 111 -161
103 115 3742
103 116 1883
103 117 8774
103 118 4839
103 119 7577
103 122 81
103 133 7658
103 135 8152
103 137 4056
103 141 9074
103 146 4886
103 148 5907
103 149 7372
103 152 1070
103 154 8837
103 156 2093
104 105 -345
104 107 8821
104 108 9164
104 109 -246
104 117 2696
104 119 5776
104 123 495
104 128 8017
104 130 879
104 132 1457
104 133 7613
104 136 8658
104 140 980
104 146 8259
104 147 3887
104 149 3694
104 152 6331
104 157 5205
104 159 4201
104 160 6358
105 106 8633
105 107 1853
105 108 -425
105 111 339
105 113 2677
105 115 9376
105 117 54
105 118 2983
105 119 5461
105 123 3194
105 124 5459
105 128 9077
105 129 6695
105 130 7379
105 132 1628
105 135 8794
105 137 3391
105 138 5070
105 140 2913
105 141 7077
105 146 4422
105 148 2156
105 153 41
105 158 7792
105 159 2087
105 160 7749
106 108 7786
106 109 4313
106 112 8220
106 113 7414
106 114 9295
106 115 603
106 117 8515
106 120 4561
106 121 6769
106 122 -452
106 125 8129
106 126 5308
106 128 5868
106 129 163
106 133 9049
106 134 6575
106 135 1195
106 136 1589
106 137 6785
106 138 8175
106 139 6870
106 141 7054
106 142 8138
106 143 2608
106 148 9101
106 150 -433
106 152 2186
106 153 6141
106 155 6435
106 160 6598
107 108 229
107 112 5637
107 113 53
107 115 2164
107 116 8644
107 117 5755
107 118 1139
107 119 4927
107 121 6908
107 122 7136
107 127 8710
107 128 5026
107 138 3604
107 142 5038
107 144 8409
107 145 8193
107 146 2641
107 147 4759
107 149 3644
107 151 3956
107 152 3220
107 153 5987
107 154 5999
107 156 2628
107 159 3230
107 160 1005
108 115 2328
108 118 4659
108 119 1286
108 121 7855
108 124 8114
108 132 6741
108 134 -166
108 135 2988
108 136 6316
108 138 720
108 139 4116
108 140 29
108 141 8521
108 143 4503
108 145 3346
108 146 4959
108 147 6852
108 151 9137
108 153 4525
108 155 4289
108 158 9047
109 110 2876
109 113 768
109 118 987
109 119 -323
109 120 164
109 121 2892
109 124 3944
109 129 8546
109 130 8232
109 133 518
109 144 4458
109 146 1359
109 147 625
109 148 3843
109 149 5612
109 153 -499
109 156 8255
109 158 -456
110 113 8459
110 116 6194
110 119 7591
110 121 3979
110 123 752
110 125 -179
110 126 5041
110 131 8439
110 134 6841
110 135 6294
110 137 8138
110 140 252
110 144 7340
110 145 6712
110 146 1114
110 159 3906
110 160 5662
111 113 9046
111 115 9247
111 116 3030
111 120 2701
111 124 2808
111 128 4178
111 129 3753
111 139 4958
111 143 2488
111 144 3965
111 146 7260
111 151 4694
111 152 9015
111 153 6881
111 156 3403
112 114 2278
112 116 8858
112 117 7179
112 118 4100
112 119 1710
112 120 3421
112 121 -400
112 122 3826
112 125 5036
112 131 8913
112 132 1772
112 133 7580
112 134 8698
112 136 6593
112 140 6137
112 141 8505
112 142 5400
112 143 3860
112 144 4947
112 149 8673
112 151 5164
112 153 9133
112 154 4299
112 155 3996
112 157 2293
113 115 1109
113 116 1987
113 128 2896
113 131 419
113 132 8280
113 133 3361
113 136 5418
113 137 6790
113 138 7796
113 139 7808
113 141 6365
113 142 1273
113 144 1358
113 145 5382
113 148 755
113 149 9412
113 151 8914
113 152 2532
113 156 3888
113 157 3071
113 158 450
113 159 7018
113 160 2473
114 120 7778
114 129 7730
114 133 4866
114 135 2751
114 138 1381
114 140 6074
114 143 5094
114 144 5633
114 145 1647
114 156 -242
114 157 5662
114 158 4864
115 117 7439
115 118 -372
115 119 4000
115 123 8062
115 124 1884
115 126 5709
115 129 976
115 130 6001
115 133 -327
115 134 6866
115 135 3555
115 137 4050
115 142 7
115 148 7432
115 151 7736
115 157 8915
115 159 5028
116 117 4500
116 120 5481
116 124 8743
116 125 3037
116 126 7979
116 128 7853
116 134 9001
116 136 3509
116 138 9434
116 139 8923
116 140 3363
116 146 2901
116 149 1560
116 150 508
116 154 5236
116 158 8260
117 122 1688
117 126 2042
117 128 8599
117 130 2659
117 134 724
117 136 7650
117 137 3950
117 139 380
117 142 7524
117 144 6575
117 148 1269
117 149 778
117 154 5741
117 158 7884
118 124 970
118 125 5775
118 126 1615
118 127 7177
118 129 8072
118 134 7234
118 136 3077
118 138 656
118 139 5553
118 142 8137
118 143 6616
118 144 5314
118 151 7958
118 152 1645
118 154 2025
118 155 8292
118 159 7555
119 121 6924
119 123 6705
119 126 8027
119 127 8399
119 130 3740
119 132 8717
119 138 7620
119 141 1415
119 142 4361
119 143 2726
119 144 6028
119 146 8982
119 149 1875
119 150 3519
119 152 3699
119 156 1662
119 157 954
119 158 8699
120 123 3671
120 124 640
120 125 4422
120 126 5921
120 127 3675
120 133 2745
120 134 7449
120 135 6470
120 137 8346
120 139 1704
120 140 9222
120 141 5395
120 146 4468
120 152 1344
120 153 8081
120 156 454
120 158 4650
120 160 3613
121 128 985
121 131 4124
121 132 3831
121 136 953
121 137 5162
121 138 5507
121 141 5243
121 146 2474
121 147 8167
121 148 6365
121 150 6905
121 153 8899
121 154 2525
121 155 2842
121 159 4096
121 160 3598
122 123 8221
122 125 1327
122 126 5605
122 127 6584
122 132 7100
122 133 7293
122 137 2777
122 138 7962
122 140 295
122 142 -213
122 145 2170
122 148 1172
122 153 4366
122 157 9144
122 159 -294
122 160 6442
123 124 9295
123 125 1885
123 126 5386
123 127 6003
123 129 8330
123 135 9074
123 136 1033
123 139 7637
123 141 1318
123 142 3520
123 147 5856
123 149 529
123 152 1740
123 158 6348
123 160 6540
124 127 1014
124 129 1135
124 131 66
124 135 4979
124 136 8816
124 137 4947
124 138 7472
124 139 720
124 143 7035
124 151 3705
124 152 6145
124 153 176
124 154 2945
124 155 4060
124 156 777
124 159 8277
125 126 93
125 127 3979
125 131 2474
125 133 5319
125 134 2275
125 135 3646
125 137 5708
125 141 6406
125 148 1801
125 150 7393
125 151 434
125 152 8665
125 153 7086
125 154 3073
125 155 5685
125 160 1365
126 127 8571
126 128 -170
126 129 3049
126 131 3243
126 133 4136
126 134 4072
126 136 8159
126 142 -124
126 143 685
126 144 1417
126 151 2362
126 152 5773
126 154 7355
126 159 8562
126 160 3047
127 128 7730
127 129 8235
127 132 2442
127 144 481
127 145 2506
127 146 9147
127 147 1644
127 149 6894
127 150 7601
127 156 4566
127 158 5863
127 159 7701
128 130 480
128 131 873
128 136 6658
128 138 -53
128 145 3597
128 146 5814
128 149 4195
128 150 9372
128 151 8199
128 152 9059
128 154 4409
128 155 3393
128 156 362
128 158 7733
128 160 1392
129 131 7135
129 132 8088
129 136 3334
129 139 1512
129 140 7513
129 141 850
129 142 3124
129 143 -90
129 144 1146
129 145 2341
129 147 6093
129 149 9480
129 151 9121
129 152 4582
129 153 623
129 155 9447
129 156 1383
130 137 4214
130 142 6076
130 143 3488
130 144 1757
130 147 3880
130 149 916
130 150 477
130 151 6880
130 155 3796
130 157 1910
131 132 8482
131 134 8906
131 135 4687
131 137 8583
131 139 956
131 140 4667
131 141 735
131 142 4570
131 143 795
131 147 1081
131 149 6351
131 150 78
131 152 9265
131 153 456
131 155 2107
131 156 1707
131 157 9352
131 158 8095
131 159 4465
131 160 1623
132 140 4027
132 142 1142
132 146 1762
132 147 1026
132 149 1884
132 151 8434
132 156 9110
132 158 7648
133 134 7181
133 136 865
133 143 5671
133 146 2619
133 151 4345
133 153 5620
133 156 5090
133 158 2728
133 160 3966
134 136 1086
134 142 4185
134 145 5164
134 149 -81
134 150 5709
134 153 2582
134 154 4427
134 155 9348
134 156 3121
135 136 7770
135 140 9429
135 141 6591
135 144 2997
135 145 7810
135 148 7884
135 149 5243
135 155 1896
135 157 -106
136 137 4526
136 138 3686
136 139 2649
136 144 6501
136 145 3970
136 147 4146
136 148 5214
136 152 483
136 153 4436
136 158 384
136 159 9335
137 139 3577
137 140 9105
137 141 1417
137 142 3563
137 147 5029
137 148 2198
137 149 3801
137 154 8548
137 156 3734
137 158 1563
138 142 6595
138 149 9384
138 152 3603
138 154 2091
138 155 7532
138 156 6364
139 144 6573
139 147 7948
139 149 5544
139 151 4400
139 152 613
139 153 6467
139 160 -240
140 141 3830
140 145 5896
140 146 4740
140 148 528
140 149 7741
140 150 4550
140 151 1309
140 157 1099
140 158 461
140 160 5817
141 143 3978
141 146 5887
141 149 4592
141 150 8177
141 153 2022
141 154 2253
141 157 5851
141 160 3730
142 146 2607
142 150 6770
142 151 7953
142 153 1313
142 154 6572
142 159 2605
143 149 3356
143 150 6675
143 151 4972
143 152 7950
143 153 932
143 158 8104
143 160 3962
144 146 8222
144 147 3360
144 152 4202
144 157 941
144 160 9189
145 149 8920
145 150 5254
145 160 9062
146 153 5968
146 154 6143
146 156 5290
146 157 5213
146 159 6521
147 148 5127
147 149 2451
147 151 5012
147 152 4997
147 153 3076
147 154 9294
147 155 2393
148 150 4640
148 152 6746
149 150 4080
149 151 8881
149 152 1143
149 153 7482
149 156 7332
149 157 3793
150 155 -362
150 157 9451
150 158 4592
151 153 3602
151 155 1968
151 158 342
152 153 -45
152 157 6896
152 160 8134
153 154 4159
153 155 880
153 156 2460
153 157 2795
153 158 3024
154 156 6233
154 159 8987
154 160 -336
155 156 5578
155 157 505
155 160 231
156 157 7601
156 158 1639
156 159 4679
157 159 6447
159 160 3818
